20
0 0.45 0.35 0.2
0 0.6 0.15 0.25
0 0.65 0.25 0.1
0 0.4 0.25 0.35
0 0.4 0.2 0.4
0 0.6 0.25 0.15
0 0.25 0.45 0.3
0 0.95 0.05 0.0
0 0.6 0.4 0.0
0 0.65 0.1 0.25
0 0.45 0.3 0.25
0 0.9 0.1 0.0
0 1.0 0.0 0.0
0 0.5 0.45 0.05
0 0.7 0.3 0.0
0 0.95 0.05 0.0
0 0.6 0.1 0.3
0 0.9 0.05 0.05
0 0.75 0.2 0.05
0 0.8 0.2 0.0
0 0.75 0.2 0.05
0 0.95 0.05 0.0
0 0.4 0.35 0.25
0 0.7 0.2 0.1
0 0.75 0.1 0.15
0 0.25 0.1 0.65
0 0.45 0.35 0.2
0 0.55 0.3 0.15
0 0.8 0.2 0.0
0 0.95 0.05 0.0
1 0.1 0.35 0.55
1 0.05 0.8 0.15
1 0.05 0.6 0.35
1 0.0 0.35 0.65
1 0.15 0.75 0.1
1 0.15 0.7 0.15
1 0.05 0.5 0.45
1 0.05 0.45 0.5
1 0.05 0.15 0.8
1 0.1 0.55 0.35
1 0.0 0.8 0.2
1 0.05 0.4 0.55
1 0.05 0.5 0.45
1 0.05 0.4 0.55
1 0.1 0.7 0.2
1 0.1 0.55 0.35
1 0.2 0.55 0.25
1 0.05 0.55 0.4
1 0.1 0.6 0.3
1 0.05 0.45 0.5
1 0.0 0.8 0.2
1 0.1 0.65 0.25
1 0.1 0.4 0.5
1 0.1 0.15 0.75
1 0.05 0.6 0.35
1 0.05 0.35 0.6
1 0.1 0.4 0.5
1 0.05 0.15 0.8
1 0.1 0.5 0.4
1 0.1 0.2 0.7
2 0.0 0.05 0.95
2 0.05 0.05 0.9
2 0.0 0.1 0.9
2 0.05 0.05 0.9
2 0.1 0.2 0.7
2 0.0 0.1 0.9
2 0.05 0.05 0.9
2 0.05 0.15 0.8
2 0.25 0.2 0.55
2 0.0 0.25 0.75
2 0.1 0.2 0.7
2 0.15 0.3 0.55
2 0.0 0.0 1.0
2 0.05 0.0 0.95
2 0.05 0.05 0.9
2 0.1 0.05 0.85
2 0.0 0.05 0.95
2 0.1 0.25 0.65
2 0.05 0.15 0.8
2 0.05 0.1 0.85
2 0.25 0.1 0.65
2 0.05 0.3 0.65
2 0.0 0.1 0.9
2 0.0 0.3 0.7
2 0.05 0.2 0.75
2 0.1 0.15 0.75
2 0.05 0.15 0.8
2 0.05 0.25 0.7
2 0.1 0.2 0.7
2 0.05 0.35 0.6
