15
0 0.533333333333 0.333333333333 0.133333333333
0 0.666666666667 0.133333333333 0.2
0 0.666666666667 0.2 0.133333333333
0 0.466666666667 0.133333333333 0.4
0 0.4 0.133333333333 0.466666666667
0 0.666666666667 0.266666666667 0.0666666666667
0 0.333333333333 0.4 0.266666666667
0 1.0 0.0 0.0
0 0.6 0.4 0.0
0 0.8 0.0666666666667 0.133333333333
0 0.466666666667 0.4 0.133333333333
0 1.0 0.0 0.0
0 1.0 0.0 0.0
0 0.533333333333 0.4 0.0666666666667
0 0.866666666667 0.133333333333 0.0
0 0.933333333333 0.0666666666667 0.0
0 0.533333333333 0.133333333333 0.333333333333
0 0.866666666667 0.0666666666667 0.0666666666667
0 0.733333333333 0.2 0.0666666666667
0 1.0 0.0 0.0
0 0.8 0.2 0.0
0 0.933333333333 0.0666666666667 0.0
0 0.4 0.4 0.2
0 0.733333333333 0.2 0.0666666666667
0 0.866666666667 0.0666666666667 0.0666666666667
0 0.333333333333 0.0666666666667 0.6
0 0.466666666667 0.266666666667 0.266666666667
0 0.6 0.266666666667 0.133333333333
0 0.866666666667 0.133333333333 0.0
0 1.0 0.0 0.0
1 0.133333333333 0.333333333333 0.533333333333
1 0.0 0.933333333333 0.0666666666667
1 0.0 0.6 0.4
1 0.0 0.4 0.6
1 0.2 0.666666666667 0.133333333333
1 0.0666666666667 0.8 0.133333333333
1 0.0666666666667 0.533333333333 0.4
1 0.0666666666667 0.466666666667 0.466666666667
1 0.0666666666667 0.133333333333 0.8
1 0.133333333333 0.6 0.266666666667
1 0.0 0.866666666667 0.133333333333
1 0.0666666666667 0.466666666667 0.466666666667
1 0.0 0.466666666667 0.533333333333
1 0.0666666666667 0.466666666667 0.466666666667
1 0.0666666666667 0.733333333333 0.2
1 0.0666666666667 0.533333333333 0.4
1 0.2 0.666666666667 0.133333333333
1 0.0666666666667 0.466666666667 0.466666666667
1 0.0666666666667 0.6 0.333333333333
1 0.0666666666667 0.4 0.533333333333
1 0.0 0.933333333333 0.0666666666667
1 0.0666666666667 0.733333333333 0.2
1 0.133333333333 0.533333333333 0.333333333333
1 0.0666666666667 0.0666666666667 0.866666666667
1 0.0666666666667 0.666666666667 0.266666666667
1 0.0666666666667 0.266666666667 0.666666666667
1 0.133333333333 0.466666666667 0.4
1 0.0666666666667 0.133333333333 0.8
1 0.0666666666667 0.6 0.333333333333
1 0.133333333333 0.133333333333 0.733333333333
2 0.0 0.0666666666667 0.933333333333
2 0.0 0.0666666666667 0.933333333333
2 0.0 0.133333333333 0.866666666667
2 0.0666666666667 0.0666666666667 0.866666666667
2 0.0 0.2 0.8
2 0.0 0.133333333333 0.866666666667
2 0.0666666666667 0.0 0.933333333333
2 0.0666666666667 0.0 0.933333333333
2 0.2 0.2 0.6
2 0.0 0.2 0.8
2 0.0666666666667 0.266666666667 0.666666666667
2 0.133333333333 0.266666666667 0.6
2 0.0 0.0 1.0
2 0.0666666666667 0.0 0.933333333333
2 0.0 0.0 1.0
2 0.0666666666667 0.0 0.933333333333
2 0.0 0.0 1.0
2 0.0666666666667 0.2 0.733333333333
2 0.0666666666667 0.133333333333 0.8
2 0.0666666666667 0.0666666666667 0.866666666667
2 0.333333333333 0.0666666666667 0.6
2 0.0666666666667 0.133333333333 0.8
2 0.0 0.0666666666667 0.933333333333
2 0.0 0.333333333333 0.666666666667
2 0.0 0.266666666667 0.733333333333
2 0.133333333333 0.0666666666667 0.8
2 0.0 0.133333333333 0.866666666667
2 0.0666666666667 0.333333333333 0.6
2 0.133333333333 0.133333333333 0.733333333333
2 0.0 0.4 0.6
