24.75 23.148
20.735 25.078
21.836 22.746
24.622 24.411
20.511 18.805
21.25 22.87
24.296 25.31
21.246 22.797
18.602 18.679
20.173 17.937
21.227 19.533
19.819 22.671
17.51 20.556
22.457 18.499
16.801 19.969
20.301 20.346
21.673 19.895
23.976 24.896
24.756 22.973
20.945 23.852
21.668 21.019
22.52 21.496
22.857 22.54
23.401 20.391
22.664 19.906
22.366 20.173
21.351 20.873
20.751 22.938
23.052 25.702
20.556 24.505
19.344 20.194
19.321 23.117
22.943 19.482
24.803 20.993
24.527 21.555
20.159 20.22
20.291 24.718
23.76 22.372
20.24 20.9
18.541 18.838
22.353 23.585
25.409 23.852
18.933 22.395
21.007 25.558
18.797 25.217
24.417 21.127
18.763 19.846
24.726 21.462
19.555 19.461
20.322 20.479
21.004 21.194
24.391 23.577
18.57 22.021
24.925 21.329
18.564 23.459
21.024 19.334
23.222 20.422
18.773 17.439
21.587 22.416
23.255 21.886
22.837 19.204
22.803 18.898
23.023 19.456
22.424 25.41
24.111 22.217
20.411 20.036
22.355 22.242
19.96 19.88
21.664 21.332
19.06 19.769
20.227 21.225
21.423 20.423
21.826 21.312
20.696 19.527
22.559 22.902
20.157 21.829
22.197 20.928
23.032 19.67
19.846 22.464
21.804 20.533
21.434 20.71
26.459 20.407
22.405 25.428
19.848 22.125
23.161 21.802
23.689 19.889
25.986 22.661
23.088 19.14
22.508 18.856
19.154 21.679
22.018 22.044
22.201 21.806
21.041 23.545
20.397 22.094
24.156 17.855
21.638 23.198
24.022 21.642
20.91 19.066
21.136 24.177
23.911 22.4
23.038 21.676
20.374 25.254
19.792 21.07
21.315 20.811
19.112 20.513
23.956 21.151
21.284 20.481
22.487 21.281
21.483 21.17
20.217 22.042
23.643 25.649
20.913 21.866
23.917 22.574
21.066 24.923
21.529 24.437
25.421 22.671
21.294 19.912
22.242 24.302
23.201 23.243
23.619 23.815
20.886 21.538
23.259 23.287
23.988 21.494
21.787 21.898
23.802 21.434
23.733 17.631
24.721 18.664
24.536 22.44
24.143 22.222
22.995 26.289
19.827 22.827
24.218 23.383
24.153 19.182
20.376 23.818
21.805 18.988
24.395 24.371
22.551 22.398
21.727 26.493
19.143 25.078
21.694 25.136
21.621 22.925
21.268 24.9
17.568 21.454
21.381 25.279
21.743 22.738
22.712 24.233
19.211 24.038
20.629 21.848
21.21 20.899
18.896 21.544
21.608 20.014
20.793 20.312
22.256 17.775
19.003 20.167
21.908 20.458
24.574 24.597
20.127 23.04
24.488 24.405
19.37 23.622
21.503 17.543
20.291 22.193
23.338 19.363
21.303 22.449
21.156 21.831
24.602 23.799
21.664 25.21
20.981 23.342
22.867 25.134
22.942 23.388
19.554 21.966
23.784 23.662
25.286 18.069
22.786 22.475
21.639 23.775
23.831 23.586
22.038 22.19
19.13 20.874
18.866 20.192
25.348 23.35
22.709 25.609
19.212 23.025
24.673 21.868
22 21.577
24.518 20.319
23.774 23.622
20.84 25.223
24.384 23.744
20.862 20.724
21.091 23.206
20.8 22.332
20.254 22.416
23.347 18.673
20.439 17.817
18.584 20.276
23.121 22.862
24.746 17.974
20.681 22.026
24.919 22.469
22.01 25.836
18.185 24.756
20.611 21.138
22.703 22.576
26.039 22.187
22.628 21.461
21.993 20.258
20.646 20.525
22.108 19.356
25.653 21.083
16.53 21.448
25.256 24.219
25.293 20.148
23.433 23.148
20.651 21.804
20.854 22.78
23.517 19.015
22.363 23.347
21.603 22.171
24.153 24.007
21.082 21.763
18.149 24.039
22.402 24.536
20.516 22.337
20.629 24.719
20.7 21.577
21.451 21.471
18.715 24.177
21.589 23.707
23.989 22.591
25.603 20.198
21.738 21.354
22.839 19.242
22.366 21.164
20.73 24.234
24.292 21.545
20.83 25.816
25.12 22.054
22.543 22.453
20.144 17.697
19.451 21.623
21.026 23.214
19.567 23.489
23.613 21.862
22.794 21.436
21.532 20.985
23.858 23.371
22.053 22.335
23.507 18.591
25.614 22.584
22.104 20.882
21.288 23.688
25.409 20.757
22.615 21.942
25.137 22.18
26.082 22.575
20.33 23.14
18.813 17.952
21.786 23.095
23.648 23.639
20.634 20.548
22.971 21.372
22.284 19.657
18.958 20.569
23.872 24.726
18.625 21.435
23.984 25.507
21.601 20.442
22.783 24.858
18.31 22.312
23.066 23.14
22.804 21.684
23.397 23.67
23.516 24.765
22.478 20.854
22.103 22.394
21.583 21.353
22.937 22.702
20.781 23.058
20.492 26.175
22.562 20.334
24.16 22.029
23.834 22.036
20.527 21.664
25.874 22.167
22.039 18.258
21.829 24.243
20.291 20.423
25.987 20.996
19.066 24.876
22.707 23.213
20.755 25.681
25.221 22.342
20.145 22.2
23.481 22.806
17.714 21.38
23.632 19.009
25.245 23.995
23.019 18.798
23.582 22.66
23.985 19.403
23.615 22.079
24.013 22.107
22.353 22.184
21.779 18.692
19.652 20.333
21.408 24.96
20.938 21.651
22.959 19.546
23.11 23.012
20.41 22.058
22.401 22.645
20.246 21.369
18.935 21.597
18.761 19.903
24.922 24.046
21.755 20.866
20.613 22.987
19.684 24.139
22.983 22.442
20.626 17.551
21.91 24.239
22.06 21.754
23.239 20.283
22.827 21.324
20.016 21.826
24.691 23.817
23.892 22.039
20.769 20.026
22.621 22.156
19.94 21.609
19.986 19.669
21.248 26.198
20.61 20.366
20.231 19.466
23.445 20.433
20.187 22.287
22.748 17.582
23.73 20.402
20.921 22.519
22.231 21.817
19.91 21.895
22.749 25.025
22.66 23.668
17.309 23.089
20.904 21.874
21.331 24.21
18.89 22.954
22.546 24.234
22.308 17.933
23.64 20.984
24.974 21.028
24.664 21.29
25.805 21.958
21.805 25.535
21.044 21.248
23.771 21.942
19.408 21.283
20.257 23.713
21.696 25.2
18.354 23.347
19.31 21.931
23.614 21.312
18.77 24.071
22.954 25.26
22.933 24.83
24.602 20.165
21.681 21.677
21.854 26.473
20.645 19.823
23.511 23.799
20.731 20.857
21.144 23.833
21.64 21.81
20.349 23.924
19.271 21.7
25.481 20.694
20.508 21.116
23.614 24.395
19.287 23.814
22.439 20.752
23.409 21.608
21.496 18.109
21.37 20.293
20.299 18.526
21.592 21.237
24.066 23.3
19.909 22.533
21.528 20.866
18.858 23.783
23.802 22.344
19.981 23.507
21.956 22.531
23.48 22.93
23.008 21.38
23.403 18.285
19.9 24.234
23.497 19.541
25.495 23.731
24.276 19.885
23.13 21.362
21.453 22.047
24.196 22.121
21.501 21.275
20.991 19.217
20.419 20.387
21.517 20.367
22.421 19.525
19.974 22.209
24.242 23.781
25.248 21.838
19.073 18.896
23.476 21.147
21.947 18.623
21.028 22.874
21.825 23.579
22.059 19.168
23.526 22.955
18.47 21.59
22.245 23.726
21.915 22.03
20.619 19.802
21.382 23.109
18.445 22.663
24.095 22.161
26.399 21.882
24.641 23.741
22.689 22.414
18.595 20.739
20.433 21.371
23.614 20.281
24.715 24.832
23.283 19.03
22.374 21.028
20.591 20.201
26.31 20.217
22.655 20.055
21.33 19.297
22.369 23.661
24.334 23.078
21.432 17.079
21.684 23.214
22.038 23.412
22.539 21.381
21.359 20.511
21.955 24.357
22.789 22.48
21.404 20.008
22.148 20.492
23.958 23.984
23.095 22.135
21.551 21.967
22.315 22.511
23.686 20.648
22.094 21.537
20.429 24.027
22.152 23.72
23.235 24.659
21.58 24.505
23.743 19.166
21.341 19.613
20.938 24.16
22.064 18.878
21.731 23.432
17.722 18.531
23.242 18.575
19.203 21.951
24.338 19.836
22.517 22.767
24.705 24.955
18.939 24.694
24.643 20.415
19.892 22.68
21.855 19.62
19.882 21.446
22.427 20.393
19.16 20.673
18.661 18.375
21.273 22.05
20.929 24.899
22.957 22.004
23.28 21.69
24.676 22.897
22.263 21.733
24.126 22.69
21.319 22.531
21.341 21.965
24.937 23.91
23.252 21.191
23.515 20.867
21.882 20.522
21.489 23.881
18.568 21.237
20.823 19.804
21.3 23.282
25.124 22.822
19.096 19.975
20.595 22.473
23.461 18.543
20.741 22.34
24.727 18.213
19.827 23.078
20.414 21.388
21.49 21.551
22.078 23.539
23.936 18.761
16.566 20.255
21.332 24.501
22.543 22.237
20.989 20.464
21.116 19.488
19.486 20.975
20.691 25.096
21.151 18.084
25.285 23.384
21.535 21.589
23.182 21.576
24.56 19.936
21.667 21.189
21.001 24.301
25.468 22.392
25.106 22.408
18.885 23.698
19.572 22.037
25.597 19.73
20.348 18.622
19.36 22.561
22.785 23.479
24.072 24.031
22.189 19.352
19.163 17.834
17.039 23.268
21.417 22.817
19.569 21.273
21.471 25.49
23.395 24.059
23.861 22.544
22.549 20.467
22.442 22.678
22.861 25.246
20.329 24.24
22.677 21.3
22.992 18.451
21.359 24.551
23.195 24.691
21.203 23.615
20.379 20.717
20.214 20.911
24.51 24.615
24.008 20.421
22.163 20.542
18.461 20.301
19.889 25.01
19.521 23.479
21.783 24.773
21.366 21.119
23.357 22.413
19.457 23.446
21.859 26.191
24.697 22.499
24.075 24.441
22.785 20.706
25.221 22.957
18.815 23.212
22.521 21.981
21.279 23.465
21.897 21.508
23.331 19.932
20.915 20.273
18.666 24.426
21.951 20.275
21.473 20.966
21.119 22.366
22.269 24.534
22.388 22.845
18.985 23.371
24.263 19.523
20.265 21.905
25.149 24.411
24.403 21.636
23.698 23.962
22.686 21.05
22.148 22.827
19.988 18.404
23.985 22.716
19.83 22.535
20.772 21.036
21.27 23.193
23.4 21.136
21.969 22.084
20.524 20.225
22.687 20.58
22.135 23.007
23.708 18.92
23.329 23.444
19.749 24.696
20.082 22.06
23.735 22.136
22.585 23.484
23.112 23.66
17.318 20.408
22.588 25.982
21.48 18.716
21.87 19.939
21.133 21.386
20.18 17.111
23.605 23.148
22.61 23.817
24.022 18.431
20.823 21.385
20.005 25.267
23.347 21.355
24.412 24.457
24.051 21.353
23.771 21.468
23.019 25.697
21.185 21.391
20.335 22.044
23.279 22.9
21.644 20.702
24.021 21.668
21.879 21.415
22.833 23.133
21.54 22.315
22.422 21.355
24.25 23.901
20.354 20.35
24.451 19.895
23.285 22.383
21.096 20.433
22.277 19.597
20.345 21.371
20.375 21.095
22.002 19.764
20.963 17.925
23.279 21.534
20.372 21.092
22.968 24.335
19.704 21.783
20.817 20.461
21.345 20.63
22.039 19.083
21.963 22.76
20.481 19.927
21.115 22.086
20.968 21.558
21.568 24.925
25.807 21.09
23.533 21.978
22.654 19.593
21.601 23.225
23.326 19.647
22.769 19.535
20.841 20.98
23.985 20.145
19.34 21.603
22.348 22.834
21.532 23.203
22.135 18.229
21.055 26.239
18.278 22.091
18.831 23.325
21.176 22.632
23.61 25.003
22.945 19.875
21.052 21.574
24.092 22.494
21.189 21.011
23.369 21.343
24.153 18.153
21.205 23.478
20.148 21.659
21.454 25.637
22.954 20.443
23.815 23.09
22.971 21.826
19.797 18.881
22.211 23.239
23.202 19.32
19.18 20.726
24.528 25.165
22.809 20.527
24.271 19.855
23.961 21.49
23.762 20.722
23.561 21.433
22.428 22.18
25.439 21.628
20.419 20.892
24.154 23.024
22.334 23.081
23.429 21.026
19.219 19.156
22.08 18.525
23.719 22.692
20.447 21.616
26.106 21.878
23.156 19.454
20.27 20.21
22.479 23.628
18.902 22.978
24.084 20.575
20.248 24.968
22.065 18.138
22.503 19.397
23.237 22.863
21.166 23.099
20.98 23.818
21.377 21.271
20.469 23.44
18.377 22.93
19.288 19.131
21.148 20.51
23.429 21.533
19.988 20.355
19.388 22.909
23.722 21.443
20.901 21.629
23.74 22.68
23.034 18.631
20.215 23.76
24.759 23.439
21.804 21.204
25.036 21.1
21.828 21.474
23.344 21.207
25.141 21.193
22.105 25.017
22.908 23.606
22.179 20.9
19.993 24.302
24.23 22.497
20.815 22.821
21.542 21.143
21.48 23.042
21.523 22.661
17.787 22.535
19.962 21.156
21.808 22.387
22.629 22.643
21.613 23.187
21.103 21.662
24.109 21.391
22.226 25.291
20.21 24.492
18.282 22.647
19.788 19.079
19.262 25.554
22.913 21.614
20.982 23.177
23.147 21.412
21.709 24.28
25.814 19.129
18.101 21.468
16.49 21.063
23.759 21.601
24.633 23.961
22.809 21.855
21.372 20.965
22.575 23.543
20.46 22.371
22.831 22.832
23.425 20.489
22.943 21.991
22.868 19.96
23.883 22.111
22.708 17.145
22.028 21.108
20.275 20.703
19.125 25.099
24.032 22.48
20.168 26.265
22.546 18.276
18.77 19.304
20.705 22.488
19.694 17.167
19.054 23.417
19.646 23.97
23.475 21.037
22.057 22.308
24.564 22.645
24.465 19.416
19.362 22.586
23.489 23.249
22.656 18.838
20.474 20.122
20.562 25.411
19.694 23.998
20.075 20.024
24.372 20.261
22.413 18.857
21.494 23.049
18.758 22.601
23.073 18.781
19.247 20.725
22.442 22.389
21.668 19.601
19.557 21.522
24.312 19.391
21.032 17.379
22.669 19.993
18.745 22.436
20.138 17.964
17.85 24.494
21.816 20.491
22.465 23.357
20.971 17.984
22.861 24.405
20.836 23.895
20.058 22.098
24.974 21.557
22.793 25.505
23.226 19.301
17.869 20.325
22.018 25.753
22.292 20.866
23.807 20.892
20.599 23.673
23.917 17.003
21.768 19.737
21.627 22.906
20.418 25.012
19.054 18.337
18.645 18.94
20.16 25.658
21.617 19.399
21.8 19.784
19.574 21.041
25.145 20.604
20.955 23.685
17.905 23.217
20.455 22.543
21.771 20.794
22.84 22.582
22.407 24.05
22.486 24.1
21.176 20.275
22.971 20.339
22.635 21.306
21.73 22.381
20.359 22.961
20.553 21.463
19.819 17.15
21.567 23.841
20.699 19.454
19.971 22.025
23.247 21.117
21.279 19.755
22.037 21.662
21.986 21.066
21.129 20.551
21.132 23.503
21.613 17.384
20.163 20.034
23.775 23.868
18.243 20.418
21.498 24.305
21.149 20.002
19.665 21.846
21.453 22.417
21.225 21.576
21.851 19.383
22.579 19.217
22.893 24.462
23.026 25.041
20.302 25.832
19.139 20.863
22.677 26.419
25.232 22.643
23.305 22.387
20.79 23.94
20.522 24.192
21.031 23.594
22.868 21.076
22.713 23.309
20.225 23.242
24.228 23.202
19.962 22.424
24.096 21.232
22.778 22.281
22.258 21.632
23.22 23.442
24.307 25.454
22.288 21.982
19.581 22.733
23.434 18.626
23.568 24.36
21.918 21.641
22.364 24.677
23.36 20.034
22.598 21.393
19.928 24.845
20.869 21.405
24.239 20.173
24.223 20.33
18.875 21.399
22.666 21.062
22.1 21.6
24.788 22.443
20.39 24.946
18.489 22.136
18.038 20.941
19.559 24.481
24.413 21.829
19.427 19.94
22.541 22.55
22.117 18.005
18.731 17.457
22.16 22.292
20.836 19.452
19.644 21.419
22.244 17.361
17.715 24.841
21.008 21.355
23.029 20.996
23.044 25.149
24.599 19.408
21.263 19.536
18.492 24.084
26.143 19.543
21.267 23.491
23.767 20.576
23.536 22.076
22.634 18.389
23.258 21.298
23.49 22.296
21.451 20.223
25.258 19.107
21.001 22.129
22.837 23.255
21.762 22.157
21.52 25.582
20.145 20.44
24.277 25.067
21.133 21.637
21.304 19.966
22.013 20.679
23.449 24.736
22.174 21.225
23.127 21.06
25.371 23.065
22.959 25.439
20.482 20.215
22.867 22.833
21.01 26.254
24.134 23.207
20.701 20.896
22.434 21.327
23.751 23.806
22.702 23.623
21.127 25.139
21.754 19.479
22.281 22.99
18.76 24.629
22.66 23.79
24.924 21.314
21.078 21.628
20.509 23.138
19.876 21.935
21.897 21.838
21.673 19.795
19.536 22.956
23.571 21.31
26.384 21.703
21.179 23.801
24.282 19.335
22.105 22.535
22.735 22.44
22.824 20.438
17.54 23.172
21.234 25.287
22.652 24.258
22.054 22.35
21.139 22.005
18.73 21.46
23.863 21.243
22.532 23.429
23.506 20.879
20.173 23
25.81 23.304
24.295 21.662
23.768 23.613
22.154 21.299
21.334 21.738
22.107 21.966
20.221 23.082
22.237 19.413
21.15 24.402
21.08 22.647
20.378 22.448
20.751 21.333
19.573 25.102
20.192 22.474
21.2 24.163
22.084 26.477
21.942 19.841
22.596 20.81
23.138 24.451
20.068 19.103
22.785 22.426
22.632 22.327
21.469 22.725
33.18 23.621
35.747 29.336
32.18 23.105
27.639 19.947
26.659 33.58
29.602 20.058
16.876 23.739
22.984 37.728
20.631 30.058
29.691 21.424
34.574 34.677
21.227 27.631
29.764 21.74
17.642 25.577
16.785 24.999
28.973 21.028
18.617 14.095
27.392 22.915
26.585 16.632
35.241 32.674
33.469 20.331
29.333 22.308
18.496 32.521
30.069 20.887
27.333 20.851
21.552 26.788
11.734 19.804
21.593 14.257
16.905 24.316
28.773 22.962
22.822 34.792
28.71 20.679
13.778 28.056
17.625 13.916
28.709 19.685
29.227 13.556
29.153 20.267
28.688 34.519
23.058 37.058
32.132 32.238
19.614 33.53
11.533 31.466
23.088 31.91
18.438 26.437
32.727 22.341
34.952 28.941
35.472 28.076
27.23 17.427
29.253 15.178
32.773 22.625
29.956 20.697
36.396 31.353
27.179 17.498
27.275 16.578
4.8677 29.464
36.378 26.067
23.349 28.09
17.773 27.114
28.241 12.787
12.391 35.849
15.633 30.696
24.799 16.698
31.584 17.659
36.615 19.086
28.406 16.399
35.993 22.823
39.495 33.048
34.529 24.489
32.373 20.584
33.616 26.608
34.653 14.094
16.101 24.618
15.551 23.001
21.204 28.612
32.338 18.063
28.435 23.052
15.485 11.49
15.356 28.174
33.986 32.449
27.343 14.089
31.904 35.158
22.51 29.279
29.648 35.052
26.604 34.232
32.441 36.302
17.897 37.794
23.999 16.021
14.45 21.096
26.416 16.217
29.45 34.139
21.894 32.913
29.198 16.369
23.088 30.087
19.082 34.072
28.354 15.4
26.092 15.784
22.018 15.635
23.975 25.983
19.304 12.717
26.747 15.728
27.799 21.288
27.108 14.678
22.422 31.306
34.029 21.672
21.099 30.558
19.715 33.72
26.379 19.042
18.434 26.189
31.154 37.443
36.634 18.986
20.838 30.096
21.557 30.525
17.007 18.428
18.445 7.5738
27.981 16.42
23.704 14.857
27.715 18.083
28.94 22.916
26.652 18.559
20.257 9.5014
27.718 17.954
37.911 27.847
31.786 19.306
24.37 41.101
33.791 27.383
23.434 32.801
19.184 13.876
29.544 20.258
25.727 14.906
25.566 33.312
24.83 38.297
35.896 31.671
26.869 34.371
30.82 19.135
30.105 18.267
18.655 28.653
20.332 28.994
43.52 20.629
31.683 37.496
36.25 14.421
38.212 27.787
31.799 24.081
28.469 19.856
31.176 34.504
32.016 33.208
22.586 29.511
32.595 20.283
23.672 16.657
29.537 19.247
21.781 28.87
19.98 28.144
27.129 21.618
27.183 20.407
26.936 21.763
30.228 21.592
22.759 28.533
20.401 27.703
19.489 11.578
23.394 26.263
26.501 20.363
19.327 26.517
18.669 26.018
16.727 30.798
28.988 22.036
15.074 31.412
28.193 21.461
29.625 19.382
24.365 13.415
22.823 30.237
24.751 8.5423
38.485 16.614
23.118 34.216
25.348 17.48
32.025 23.23
29.859 40.104
19.948 27.355
18.603 30.818
14.637 35.042
28.926 15.2
30.742 34.84
16.927 25.415
23.111 27.509
26.903 33.742
23.441 33.415
16.844 25.865
19.807 14.737
29.609 20.435
16.164 23.29
19.094 34.4
27.634 34.119
35.518 26.753
24.821 12.093
37.134 24.661
13.705 20.383
10.527 18.486
15.712 21.129
21.265 27.302
34.612 16.624
26.121 17.678
17.591 25.305
18.188 29.217
22.557 27.279
30.021 33.879
34.499 23.262
35.895 18.673
23.659 31.303
21.819 28.741
24.917 11.336
24.679 35.144
27.331 34.074
18.942 29.456
34.996 26.339
30.69 18.896
15.695 32.969
26.22 17.215
40.446 19.26
33.054 20.77
26.65 19.818
20.879 31.849
28.915 22.783
27.647 22.203
19.741 30.109
25.937 18.491
23.703 26.355
17.377 24.953
15.026 18.711
25.538 34.044
35 29.701
26.161 23.726
24.379 35.034
21.363 32.302
24.823 17.572
7.2858 30.282
30.099 19.269
27.467 34.873
35.946 33.263
29.427 13.286
26.984 18.804
21.37 13.402
10.62 22.839
17.616 29.159
14.954 25.193
35.938 18.463
26.845 21.945
23.642 32.307
28.817 19.852
22.125 28.06
22.813 29.047
13.883 21.408
31.125 20.215
24.361 32.825
14.325 24.848
21.488 32.932
33.077 12.747
33.786 25.964
17.757 28.114
23.191 28.782
23.281 30.514
25.723 35.525
30.704 13.877
34.111 23.626
27.568 20.56
19.468 27.255
22.987 14.594
31.689 23.86
26.772 19.497
30.357 35.721
23.065 31.819
30.051 20.628
32.583 21.817
33.306 17.62
31.654 17.684
30.671 17.071
29.516 21.51
20.809 31.089
36.067 23.73
38.961 18.763
26.616 17.705
22.825 31.779
32.366 19.323
21.066 26.983
29.457 15.454
43.914 15.866
17.78 26.682
21.648 31.382
16.019 26.106
23.268 28.687
19.314 28.381
12.655 24.716
37.495 22.43
14.133 26.136
24.294 38.213
19.185 29.436
19.864 27.831
26.745 22.765
26.338 23.662
27.152 45.998
26.782 19.409
15.413 36.673
14.713 26.625
26.901 22.447
32.67 22.287
32.078 23.442
40.073 17.238
13.68 33.759
27.185 15.845
31.514 20.765
20.382 15.709
20.755 15.321
13.995 34.505
33.67 23.916
28.374 17.031
24.712 35.072
37.311 23.003
29.382 23.121
30.841 19.705
35.538 30.528
39.613 28.85
16.613 28.651
20.858 27.288
19.769 28.67
28.472 34.368
21.302 34.397
18.981 26.775
15.863 17.04
22.857 11.944
33.31 26.64
33.313 24.626
31.015 19.563
33.552 20.567
27.406 19.515
28.978 17.722
32.335 13.833
13.803 22.34
21.239 14.291
27.548 14.76
18.592 33.653
28.715 12.843
23.191 26.555
22.296 27.803
22.972 28.97
29.13 22.639
19.277 27.837
31.697 17.414
17.016 29.711
23.059 15.833
15.821 18.96
22.734 28.401
23.622 26.732
16.109 21.466
13.047 19.334
35.469 21.499
17.081 35.049
22.867 32.433
20.872 28.104
26.049 34.823
24.623 32.9
15.413 28.687
23.357 14.251
21.496 26.848
28.775 37.45
16.712 26.591
25.935 17.944
15.899 24.964
20.748 34.526
27.938 21.951
27.098 11.024
33.748 20.03
26.755 19.167
21.412 12.388
15.432 13.453
24.43 33.9
35.936 31.882
8.736 24.014
23.655 26.719
21.275 35.97
16.658 28.469
16.224 24.642
41.143 19.573
17.882 29.118
23.444 29.662
33.858 19.708
31.824 32.727
17.387 28.342
15.755 25.885
16.67 11.32
33.087 24.185
35.514 23.974
27.824 19.403
21.563 28.49
12.724 18.76
15.801 31.158
27.929 22.332
27.175 18.698
20.113 27.415
25.852 16.284
16.862 28.35
22.136 27.184
34.633 28.654
28.118 15.091
18.899 28.125
28.733 19.491
18.661 27.931
25.239 10.56
16.167 29.937
23.266 30.743
28.035 21.21
28.583 22.685
26.39 19.121
23.292 30.505
16.75 24.476
29.643 21.643
31.92 19.902
26.745 17.93
19.021 34.198
34.139 27.555
27.987 9.1024
27.685 16
20.789 13.153
26.602 7.5133
15.487 32.897
27.194 23.254
18.668 29.402
36.191 30.668
27.632 15.29
25.009 13.924
26.309 15.581
16.857 30.774
20.351 26.838
31.68 22.898
39.095 42.986
32.655 15.915
24.521 33.045
18.807 30.155
17.459 28.79
27.763 38.247
10.633 28.007
21.472 32.925
33.073 35.198
20.692 30.756
29.893 12.728
38.926 33.689
36.2 30.606
23.232 34.359
39.061 24.343
16.845 33.453
18.231 29.743
14.333 20.533
36.175 20.304
36.979 19.44
34.575 23.78
38.22 37.239
22.087 27.291
13.782 26.005
33.654 15.467
26.163 37.543
19.693 27.331
34.096 7.1877
27.388 19.095
17.521 25.616
28.515 19.854
23.407 31.039
31.21 16.235
21.322 28.553
35.845 26.284
36.699 25.559
21.189 43.01
21.144 11.759
17.368 18.254
20.244 27.883
27.802 22.677
16.747 31.322
18.47 26.724
21.837 33.353
13.835 31.621
33.741 20.231
34.291 18.142
23.365 32.831
22.22 31.94
20.868 29.375
27.672 23.305
23.316 37.375
20.987 32.05
33.505 26.578
34.748 12.17
32.022 24.699
26.241 17.34
23.063 28.719
32.213 24.567
29.845 8.9787
33.32 20.835
32.645 42.346
31.738 23.428
22.654 30.733
16.703 24.605
23.266 26.515
26.896 15.778
19.621 32.164
25.948 18.719
27.73 20.762
23.55 31.295
29.205 22.45
19.865 28.804
21.761 36.283
29.109 11.514
32.821 23.74
18.905 26.85
15.113 26.067
19.822 32.358
23.987 16.027
23.189 26.812
20.251 30.3
33.449 19.546
22.712 30.404
27.967 20.097
30.679 23.806
27.364 19.966
29.938 20.869
33.454 24.704
34.077 22.763
31.941 16.38
25.6 17.844
27.64 19.288
29.887 20.987
34.002 30.918
29.288 37.331
14.561 34.331
27.016 18.53
21.13 27.248
23.088 34.426
26.2 33.915
27.352 35.023
16.013 29.174
19.021 31.577
17.348 33.162
14.418 18.968
20.672 33.794
37.235 26.505
26.17 10.718
22.17 15.602
31.113 22.453
27.002 21.376
30.183 18.178
25.296 17.57
21.501 27.1
30.326 16.078
11.132 41.803
34.846 16.716
25.29 34.442
25.979 24.025
30.038 22.677
29.866 20.947
15.492 28.153
31.859 24.18
29.807 15.796
37.334 9.4355
30.523 13.849
16.384 20.354
32.086 14.978
31.985 33.248
26.195 35.548
34.805 21.263
22.246 37.79
30.059 18.957
27.457 22.31
15.807 31.784
27.454 23.177
16.575 23.824
13.222 22.181
29.799 16.091
29.583 22.547
20.674 37.067
28.26 34.542
21.609 29.29
20.65 27.819
24.394 32.802
31.551 23.321
35.58 23.716
22.556 30.714
26.422 20.047
26.743 14.72
28.423 21.141
20.639 27.308
25.389 32.643
28.025 21.53
34.581 25.24
28.141 22.086
29.262 16.928
24.868 32.664
15.283 22.555
30.098 34.851
28.852 11.313
33.687 23.46
31.668 34.053
34.156 23.185
28.717 15.794
23.002 28.063
22.585 30.032
22.299 30.768
30.123 35.129
27.066 21.651
30.818 15.704
28.03 20.745
34.276 20.824
16.801 26.949
35.343 18.715
20.504 26.958
23.949 32.89
37.187 26.034
29.153 16.516
18.236 35.585
34.562 19.943
21.693 33.515
38.695 25.935
18.954 28.717
23.702 30.677
25.307 14.573
18.045 29.283
35.45 14.346
23.308 28.055
28.597 21.945
19.998 29.135
17.142 38.737
30.344 21.087
19.172 31.231
8.6254 24.531
30.32 13.487
14.152 19.734
32.588 24.665
22.618 28.648
29.843 22.134
30.446 20.56
31.738 35.3
18.965 29.667
19.109 26.107
25.356 33.111
22.933 30.619
34.108 39.293
34.367 11.964
17.961 17.137
22.782 27.784
19.216 29.136
29.858 21.408
16.433 24.177
22.037 27.833
30.127 37.158
27.597 19.992
19.132 28.639
19.385 16.402
14.517 9.9317
27.5 33.886
21.474 31.356
27.391 22.576
22.57 28.712
27.422 13.946
27.152 20.615
22.133 31.747
27.039 21.991
29.555 20.102
16.833 26.432
31.941 19.284
20.423 30.093
25.147 17.902
16.441 23.562
16.407 20.374
33.933 19.584
31.502 11.779
13.647 12.516
15.408 24.841
21.66 28.447
21.861 29.272
19.988 15.616
15.704 16.3
28.444 22.145
35.212 29.828
22.733 32.412
33.544 34.178
32.683 36.025
31.413 19.341
21.154 30.784
12.024 19.38
22.371 33.984
27.699 18.339
32.523 32.613
23.515 29.872
25.564 18.372
18.653 16.108
34.875 16.777
33.438 22.111
13.728 21.329
40.026 18.621
20.794 34.538
22.27 28.412
29.46 18.743
22.683 27.101
35.494 24.047
26.926 33.674
33.462 22.836
20.811 31.428
22.726 27.44
18.346 26.011
18.268 15.723
29.29 22.617
31.487 21.794
18 14.356
19.469 34.273
27.204 16.864
14.263 26.448
37.054 20.817
28.025 21.248
34.035 22.989
19.136 29.769
32.037 23.728
35.892 29.35
26.945 15.217
20.801 28.999
16.244 30.321
25.678 15.097
33.651 23.632
27.31 34.969
16.527 23.105
28.037 21.888
34.429 32.394
16.177 23.418
27.423 19.322
32.306 15.968
29.498 18.818
17.304 10.349
23.658 30.363
18.996 29.484
17.476 30.428
18.012 32.942
23.301 29.986
34.423 27.842
14.612 31.3
25.37 38.683
22.113 31.975
27.132 21.483
18.9 27.773
30.088 22.098
23.152 28.546
29.97 17.637
14.847 21.43
30.131 18.247
30.039 20.31
10.988 29.435
29.785 20.862
31.808 23.435
17.637 29.362
36.822 19.277
30.719 21.18
36.109 27.836
19.797 27.751
16.6 29.099
35.491 19.76
27.794 35.025
23.775 30.928
33.628 32.314
24.27 13.583
29.225 40.014
34.645 20.364
34.971 26.583
16.19 37.039
25.335 39.927
23.746 36.119
31.339 37.057
39.295 32.675
29.45 16.118
16.965 29.276
22.141 30.065
30.72 33.824
22.934 29.7
37.247 20.843
26.419 15.9
24.921 33.645
38.198 31.269
26.433 33.944
16.144 26.442
16.662 26.724
34.922 25.167
27.338 19.232
15.556 25.568
33.068 23.931
14.311 25.601
13.782 25.438
28.793 13.889
26.823 38.929
22.331 32.633
13.371 22.871
19.67 27.652
30.066 19.294
27.868 22.884
26.345 18.476
36.915 17.678
20.019 31.01
36.77 33.248
18.888 40.152
22.421 27.918
26.707 36.134
16.112 39.283
28.325 15.728
27.226 12.287
24.687 14.148
14.937 16.307
28.143 23.044
20.135 29.844
32.474 32.586
26.557 17.307
33.828 30.195
25.102 16.649
12.188 31.782
28.204 12.974
42.489 21.418
16.414 39.125
28.965 34.588
23.501 12.677
12.711 31.657
19.658 32.34
30.617 17.806
26.745 18.324
28.102 22.309
29.352 14.068
21.954 14.166
29.064 14.09
23.654 30.717
17.404 25.579
38.93 20.871
24.238 15.615
20.912 31.16
27.075 23.173
36.539 12.434
33.637 19.241
34.777 11.304
25.334 38.516
15.12 35.17
31.432 18.98
18.292 30.033
23.907 32.511
28.474 16.304
26.256 14.629
26.876 40.742
33.13 24.499
29.761 34.31
34.888 28.156
33.314 18.855
21.512 29.713
9.2123 24.209
31.361 20.483
20.558 28.118
34.386 21.461
18.635 27.327
13.405 21.078
17.278 10.856
30.888 34.294
21.818 29.799
32.001 22.522
23.509 36.612
24.659 33.302
27.387 17.459
9.1695 33.606
33.181 13.639
13.375 21.742
23.424 29.436
25.83 34.266
26.77 16.826
12.116 29.582
32.122 13.602
18.841 26.462
36.89 21.812
14.512 29.502
19.244 28.123
11.133 28.814
31.315 13.052
22.083 27.264
29.957 20.817
27.806 34.079
17.938 31.994
19.157 27.936
24.178 31.821
27.542 12.591
16.796 25.882
23.035 31.936
29.542 19.627
31.935 24.207
20.904 27.245
26.684 21.263
21.254 31.215
21.761 28.146
14.744 30.421
25.621 15.513
15.682 24.424
32.204 23.001
23.351 30.821
24.284 17.098
20.07 28.521
19.609 14.204
16.955 26.807
22.644 31.752
26.846 23.113
23.305 27.614
16.48 24.345
27.061 21.528
24.302 33.882
17.971 26.839
26.729 17.887
14.669 22.1
33.558 26.436
34.607 30.85
25.651 34.121
20.968 29.624
26.79 21.533
29.118 18.311
16.221 34.67
15.945 23.095
14.573 32.874
24.559 11.376
35.545 33.948
23.769 35.889
23.679 34.23
20.282 10.615
23.801 32.338
26.146 14.737
21.511 27.576
21.465 26.99
26.955 15.994
30.071 17.048
15.619 14.311
29.213 15.626
22.792 29.687
26.943 19.273
23.703 30.786
21.71 15.705
23.357 27.328
11.47 23.058
25.512 16.796
17.065 25.528
20.742 30.03
27.813 16.599
16.872 18.18
21.311 38.349
36.826 30.027
28.283 9.4958
21.874 36.515
18.155 28.157
20 29.198
19.189 16.774
38.094 17.712
20.808 14.995
24.454 36.872
27.813 16.964
30.507 19.728
31.119 22.796
15.654 41.71
19.646 31.998
37.269 21.603
18.467 28.221
25.842 18.178
19.969 15.096
24.582 33.56
11.394 20.564
20.615 37.224
22.085 34.885
39.335 22.058
33.847 29.67
22.252 32.211
33.19 20.931
14.047 17.932
35.221 17.943
33.788 18.542
29.964 21.493
28.745 20.925
18.492 28.156
21.563 13.332
15.917 41.573
33.827 26.96
17.187 34.945
28.43 17.416
36.032 27.665
13.623 28.228
21.383 27.96
32.476 18.497
11.942 20.35
18.63 33.712
23.453 13.805
23.931 39.606
21.837 32.516
22.143 31.243
9.9784 28.45
14.532 17.143
27.444 18.799
30.053 17.05
34.275 39.894
22.038 27.347
14.608 24.982
23.734 14.102
16.762 24.357
23.801 36.496
16.663 10.681
19.808 29.827
28.749 22.945
26.064 29.934
29.957 30.509
26.102 26.002
27.512 31.097
29.295 30.557
30.967 30.206
29.289 25.28
30.746 28.151
30.238 24.629
26.594 26.641
27.621 29.17
28.852 26.524
24.692 31.039
26.637 31.54
31.313 29.831
26.717 30.358
26.191 27.19
30.242 26.723
26.526 28.425
29.173 27.106
31.978 25.002
29.56 27.256
30.532 25.653
27.38 26.762
30.837 25.951
26.346 29.321
25.532 30.546
30.106 30.168
28.907 25.069
26.588 28.961
28.569 27.979
24.454 30.561
30.358 29.979
27.2 28.221
29.842 28.477
29.309 24.038
26.151 26.901
26.416 25.368
31.861 31.446
27.474 31.875
27.744 31.657
27.68 27.213
26.676 27.386
28.441 30.333
27.378 28.232
26.268 24.249
23.812 28.532
27.105 28.308
29.572 29.624
26.494 29.93
28.053 25.434
26.305 28.837
24.308 26.69
28.701 28.817
28.296 26.792
27.428 24.086
30.135 27.17
26.633 29.999
30.919 30.548
29.471 26.68
28.316 30.602
30.522 28.505
29.984 24.939
26.539 25.77
30.858 30.186
29.471 27.698
29.95 25.856
29.316 27.597
28.244 28.134
29.399 25.805
32.026 25.807
27.977 28.134
28.809 28.827
29.463 25.422
24.388 26.69
32.27 29.73
29.353 27.118
28.932 27.503
26.922 25.843
24.665 28.356
28.894 26.365
26.255 28.414
25.359 26.929
29.68 26.135
27.206 30.011
30.192 30.921
30.966 28.039
26.248 31.524
29.296 30.411
27.415 27.003
31.083 26.91
23.994 26.448
27.39 30.105
29.85 26.566
27.443 28.538
30.596 27.135
32.385 29.16
30.068 28.147
26.937 25.167
27.234 26.93
28.373 28.542
26.01 26.977
27.738 27.956
30.339 31.005
27.73 30.183
27.78 29.675
26.834 30.103
28.702 26.337
29.38 24.299
25.853 30.825
28.213 28.647
26.485 29.425
24.072 29
28.786 29.472
27.592 27.738
32.897 28.16
28.755 28.415
25.303 27.012
27.162 27.959
27.205 27.091
28.884 26.094
28.295 25.39
31.738 26.811
26.57 25.443
29.063 29.154
23.512 27.898
30.609 27.629
25.669 27.527
24.7 28.496
28.621 27.579
25.769 26.739
28.836 28.549
27.542 27.21
29.368 28.259
26.311 28.79
29.667 27.72
26.331 28.154
29.08 25.54
28.54 31.178
28.72 27.356
26.621 28.563
29.173 28.362
24.741 29.982
30.059 28.339
28.585 28.277
29.372 29.59
29.371 27.307
31.952 25.272
27.291 28.62
25.558 28.965
25.051 27.92
29.9 23.829
27.226 28.508
26.474 30.173
31.856 29.11
26.535 30.551
28.162 29.082
29.661 28.763
29.845 26.72
26.196 32.534
30.957 27.331
29.288 25.378
29.115 27.245
30.907 30.662
27.251 28.866
27.402 27.072
26.418 29.554
30.75 27.582
26.268 26.741
30.268 28.362
26.287 26.987
30.741 28.525
28.141 25.195
23.787 26.56
29.107 25.647
25.948 30.929
27.23 27.835
31.155 30.061
29.329 28.682
25.405 29.855
30.768 25.967
25.729 28.324
27.574 27.944
26.05 24.492
27.239 28.584
26.921 29.482
26.533 25.392
26.648 27.551
25.221 31.799
30.602 26.752
32.491 30.743
31.211 28.06
28.32 26.571
25.76 29.785
28.909 30.24
29.566 28.527
25.271 25.467
25.591 29.895
26.153 26.957
27.758 28.244
24.478 25.764
28.357 25.69
28.827 26.108
27.449 26.827
31.517 26.627
26.151 29.603
28.751 24.893
29.998 28.52
30.593 30.691
32.422 28.616
29.475 26.39
27.007 27.207
30.304 28.216
29.089 28.405
29.22 27.793
26.211 30.602
25.627 24.762
27.467 24.385
27.9 28.794
25.913 31.877
27.053 27.215
28.038 28.999
27.373 31.291
25.328 26.602
26.615 28.022
28.696 25.961
30.528 30.837
27.912 26.268
28.88 29.302
28.629 26.875
28.564 29.492
27.981 29.114
30.622 29.318
28.52 27.95
30.005 26.113
27.32 26.706
25.783 30.649
24.814 27.408
29.631 28.33
24.063 26.903
27.636 29.063
24.962 26.885
28.143 27.843
30.237 26.554
28.052 24.778
31.078 28.867
30.533 27.034
24.228 28.364
25.616 30.771
28.515 25.579
31.864 29.565
27.594 30.779
25.553 27.137
25.031 25.723
31.71 30.806
27.807 27.283
26.227 29.536
25.191 25.731
27.164 28.846
25.212 26.993
26.081 32.727
29.506 30.203
28.669 27.371
29.762 26.007
29.194 33.006
26.119 28.768
24.934 28.732
29.327 28.449
27.271 27.843
30.868 30.158
27.273 27.711
30.556 30.211
25.321 31.348
30.209 30.595
28.623 29.411
32.553 28.393
28.513 24.567
27.432 28.131
29.634 30.372
31.558 24.505
27.904 24.226
27.318 26.56
30.054 31.217
26.438 27.977
26.87 29.759
30.424 27.676
30.273 31.959
26.076 30.394
28.214 30.122
26.899 32.526
24.395 28.78
31.261 29.915
29.833 24.492
25.601 27.886
24.255 28.687
26.704 25.048
29.081 27.478
30.793 24.975
25.75 32.677
28.261 28.09
32.383 27.045
29.959 30.557
26.283 31.178
29.383 27.705
25.707 31.758
26.038 29.264
26.249 25.51
26.234 28.902
26.476 27.013
26.71 27.803
30.603 27.693
27.288 28.854
33.417 27.451
28.759 33.544
26.833 29.746
25.145 28.016
30.005 32.552
29.431 29.344
28.08 24.999
31.129 30.065
30.21 30.43
24.217 27.081
27.385 31.204
28.21 26.554
31.339 26.667
30.79 26.872
26.988 30.383
25.62 24.699
26.061 28.971
27.122 27.025
27.632 28.045
25.074 29.387
29.295 25.256
25.167 30.154
25.676 28.96
28.085 26.287
24.186 28.179
30.516 32.161
28.462 27.917
26.392 29.084
29.407 29.713
30.772 27.345
29.471 29.383
25.688 27.543
28.104 29.612
26.199 27.882
28.966 27.226
28.5 29.237
24.705 25.922
27.954 27.519
29.456 28.926
25.004 28.522
29.463 24.348
27.411 27.158
28.901 31.887
28.431 25.386
23.519 27.365
26.348 29.322
27.254 25.452
28.409 29.523
27.312 29.056
29.946 31.216
29.388 26.609
28.17 27.229
28.556 29.03
26.57 27.858
25.815 27.971
27.019 28.4
29.436 24.067
25.365 27.332
28.996 27.982
29.761 32.297
28.563 29.389
27.88 27.279
25.811 26.868
24.857 26.439
28.2 29.352
25.778 27.47
27.355 31.807
27.956 26.323
28.114 27.879
26.798 28.13
30.187 27.371
25.734 26.116
26.629 28.228
25.879 28.749
30.047 24.924
29.216 24.99
30.664 24.133
26.904 30.208
29.151 25.706
26.055 27.642
28.139 24.152
26.281 26.542
28.468 30.018
25.448 30.997
26.922 29.473
30.046 30.529
25.238 30.063
29.745 26.146
27.637 31.163
29.703 25.802
27.191 28.013
28.468 28.899
29.059 31.015
25.289 27.062
26.56 28.705
27.351 25.963
29.642 29.615
27.418 27.806
29.681 23.878
30.96 29.778
28.425 25.256
31.133 28.557
26.791 26.219
23.763 27.623
27.255 33.016
28.712 25.815
30.416 25.445
31.998 30.466
29.208 30.759
30.145 30.03
27.019 29.111
26.036 30.087
27.631 30.533
24.163 29.721
25.413 29.436
27.366 26.766
24.227 29.922
26.271 24.777
29.028 28.736
32.911 28.545
25.205 27.889
29.192 29.502
28.427 25.681
26.048 25.24
29.343 28.376
30.796 28.377
25.584 31.792
27.182 28.344
30.157 28.734
31.595 27.524
26.138 29.995
29.415 25.798
24.942 27.468
28.026 25.559
27.95 26.458
29.88 27.435
27.018 28.862
31.44 29.812
27.066 26.426
31.4 28.895
26.935 28.895
26.09 25.087
28.332 27.349
26.892 31.606
28.204 30.245
32.021 30.748
25.545 27.314
24.537 30.842
29.596 26.811
28.202 26.271
25.44 28.453
29.563 25.527
31.161 27.368
25.911 29.053
28.758 27.055
27.64 26.354
23.934 28.586
25.565 28.669
28.949 25.685
29.315 27.48
26.3 27.973
27.586 28.26
27.729 27.398
30.383 27.806
27.271 28.173
29.864 25.052
26.199 31.363
29.851 23.979
28.179 26.483
26.499 28.879
28.458 24.977
25.848 28.755
31.708 27.259
31.772 26.411
30.155 27.865
27.452 31.14
32.341 25.95
30.389 29.861
29.997 28.529
29.667 30.168
30.432 26.418
27.836 29.762
26.192 27.255
29.565 30.019
28.403 24.762
27.517 24.748
29.539 27.046
27.601 28.134
26.334 28.73
32.05 25.926
27.464 28.758
29.309 25.711
28.007 26.272
23.622 27.515
28.91 25.601
27.132 25.229
24.25 29.834
29.906 26.704
28.402 30.296
26.699 30.298
32.017 27.603
29.376 28.412
29.7 28.509
24.275 26.141
28.826 28.511
28.844 27.036
24.928 28.056
28.681 24.757
27.304 29.126
26.028 26.026
29.858 26.976
31.379 25.705
30.29 25.821
30.673 26.293
27.718 31.429
30.58 26.005
25.595 26.145
28.165 24.364
25.674 25.253
28.554 28.139
27.731 32.181
26.143 29.449
25.653 27.939
28.236 25.577
31.893 28.472
29.795 26.795
23.86 26.899
26.818 26.548
28.161 31.169
24.377 26.129
30.3 27.921
31.442 26.049
27.369 24.316
31.627 28.072
23.902 27.654
29.648 27.757
30.034 26.046
25.838 28.938
26.988 25.989
27.708 28.304
29.259 32.124
30.072 29.083
25.413 28.401
26.982 25.368
27.369 31.554
29.222 26.954
26.868 27.07
25.813 28.158
30.98 27.636
27.727 24.92
28.11 28.826
28.816 25.805
29.86 29.516
30.1 27.193
28.015 29.657
32.043 30.825
26.325 28.026
27.923 32.438
28.225 28.345
29.786 29.749
31.985 28.423
27.825 26.32
26.337 30.643
26.223 30.81
28.141 25.981
27.731 28.723
27.787 30.738
28.165 25.033
27.706 28.086
25.094 30.418
25.763 29.279
26.106 24.342
30.823 26.072
27.87 29.642
27.191 27.799
25.788 31.174
26.994 30.607
28.603 30.142
27.623 25.778
26.94 27.755
32.082 26.783
25.396 28.354
30.283 25.033
29.269 27.378
27.461 30.165
28.961 27.72
23.712 26.834
26.262 26.342
26.328 30.926
27.587 30.474
29.386 28.45
28.729 27.251
25.144 26.584
27.595 28.646
27.949 26.502
28.866 24.446
29.041 28.571
29.552 30.343
28.65 27.749
27.556 29.836
29.351 24.039
25.518 27.754
30.594 26.142
25.682 30.101
29.456 27.405
28.636 25.055
27.012 29.489
31.899 26.704
30.262 26.537
31.108 28.487
27.802 32.023
30.245 26.593
30.933 28.645
27.277 28.325
26.373 29.822
27.095 24.751
28.32 28.079
24.662 31.427
28.862 30.978
25.532 25.873
25.297 26.896
27.494 30.724
28.779 29.92
28.798 25.541
28.977 31.997
28.866 27.84
27.754 27.467
27.218 30.498
29.15 23.424
24.302 28.772
31.266 27.909
30.77 26.479
27.919 27.514
28.271 31.478
33.029 30.729
24.081 26.509
30.027 27.456
28.159 28.11
24.449 27.956
31.166 27.698
30.253 29.388
26.63 25.148
30.555 25.69
27.835 28.548
30.744 27.328
30.397 30.188
25.034 25.293
25.842 24.668
27.079 26.961
31.935 26.553
31.134 28.903
30.022 28.869
30.324 28.537
27.64 27.331
25.972 28.12
25.96 25.931
24.782 29.164
27.348 27.373
29.85 24.757
23.975 26.645
28.8 27.116
27.976 29.282
29.324 29.899
29.006 28.445
31.677 30.006
28.338 24.982
23.933 27.632
31.239 29.723
30.258 30.381
25.659 30.441
26.482 25.869
26.501 29.223
31 29.574
27.896 31.026
28.883 28.373
25.691 29.256
32.214 25.946
27.865 26.32
30.243 29.647
31.821 30.964
26.584 26.528
28.773 24.138
31.09 27.588
27.535 32.23
27.649 26.069
25.287 25.268
30.051 29.254
27.415 30.667
27.865 31.077
27.836 25.37
30.458 28.597
29.205 26.913
27.923 28.468
24.994 26.474
26.731 31.042
28.305 24.704
27.597 28.186
25.894 27.58
28.138 29.005
30.527 24.412
26.083 27.426
25.445 24.768
29.042 25.066
23.866 27.452
28.294 26.342
23.886 26.585
31.06 25.244
31.434 29
30.401 30.45
29.495 27.587
28.169 28.247
26.899 26.231
26.739 25.269
26.256 31.91
27.904 32.19
31.111 31.546
27.383 26.264
28.083 26.718
29.338 25.578
30.383 29.092
27.346 27.445
28.742 31.893
28.242 30.547
26.282 28.968
30.307 27.454
25.85 26.577
27.742 25.933
29.012 27.68
27.141 28.662
26.793 26.737
27.649 27.574
26.606 29.574
28.928 29.22
27.324 26.98
26.195 28.133
29.906 26.602
32.095 29.183
31.556 30.113
28.899 27.482
24.652 26.831
30.056 26.338
25.917 26.943
26.806 29.541
27.786 27.022
28.674 27.147
27.139 27.622
30.426 28.133
28.16 29.448
26.006 29.217
26.995 25.325
25.722 30.669
27.505 26.921
26.134 28.72
32.261 26.81
29.998 28.368
27.888 27.88
26.087 26.864
26.262 24.332
30.552 27.662
28.188 26.384
28.238 26.127
30.035 26.515
26.179 30.976
26.982 29.543
28.894 30.487
25.801 28.037
32.221 26.801
26.827 26.992
29.898 27.405
27.294 30.192
30.924 32.836
26.127 27.062
24.251 28.105
27.185 30.542
29.044 27.65
25.452 25.912
26.025 29.633
25.103 28.202
28.612 26.293
30.505 28.894
31.547 24.59
29.231 29.052
26.905 31.093
29.042 28.516
28.062 29.906
28.743 26.314
24.928 29.18
28.896 28.014
28.2 29.335
30.273 27.669
27.665 26.195
32.818 28.477
28.239 28.129
25.91 28.864
28.406 28.736
30.523 28.353
28.667 28.452
25.565 31.864
31.591 27.853
28.35 31.601
27.775 24.164
28.283 27.796
25.553 28.61
28.672 26.299
27.919 29.526
29.059 28.099
32.075 27.515
29.565 28.029
29.413 29.193
29.095 29.998
29.598 24.566
24.707 27.872
27.113 29.981
26.211 29.744
26.019 24.98
28.439 25.879
26.868 29.236
26.493 32.551
27.614 30.82
28.356 26.415
30.897 29.744
25.929 26.949
24.015 26.857
26.151 32.246
27.244 27.126
28.274 27.658
25.802 28.52
30.595 26.082
29.756 28.385
29.871 29.893
28.819 27.604
31.591 26.357
28.175 27.744
27.767 30.511
27.056 28.449
28.034 26.352
30.702 30.988
24.37 30.05
28.222 28.771
25.406 29.729
23.994 28.56
26.597 32.813
26.862 28.769
26.984 29.344
27.998 25.838
29.821 27.249
28.268 28.978
28.349 25.865
29.982 29.686
24.589 28.777
29.17 28.3
27.995 29.311
26.664 27.006
29.123 27.543
26.275 33.107
27.683 28.998
28.995 27.481
27.902 27.299
26.635 25.354
28.232 26.531
30.403 29.041
28.368 30.978
31.788 27.976
30.831 26.278
27.191 24.516
27.094 27.922
33.281 28.117
26.013 27.84
31.183 25.597
28.285 26.541
24.826 29.729
25.908 29.351
26.835 26.083
25.62 25.966
28.442 28.617
30.579 27.406
29.676 30.537
25.77 26.767
31.71 28.847
26.779 26.971
27.832 25.34
31.559 27.968
27.235 29.553
25.528 29.092
31.092 30.742
27.563 29.985
28.194 28.156
29.444 26.009
30.699 26.449
28.369 24.812
29.106 24.017
26.546 25.104
28.423 30.827
26.838 27.111
27.901 26.106
29.291 28.577
28.298 26.812
28.521 31.469
30.149 26.461
23.73 28.521
30.993 30.229
25.391 26.767
28.988 27.011
27.903 28.513
29.912 30.246
29.379 24.484
26.461 27.808
27.705 29.655
26.986 24.983
28.332 28.397
27.939 26.418
29.32 28.778
27.177 27.742
29.248 28.298
28.754 30.142
32.91 29.669
29.347 27.245
30.748 28.253
26.943 28.015
27.138 30.342
28.233 26.943
26.2 32.657
28.185 29.214
27.822 29.403
30.366 29.729
25.947 28.179
30.193 28.361
25.612 26.448
23.986 30.514
31.908 29.134
29.131 32.871
29.155 27.71
25.427 29.688
30.278 30.499
28.146 26.753
28.313 28.097
27.152 27.845
27.756 29.469
27.605 29.434
27.487 31.641
26.122 29.243
27.422 24.873
25.8 27.973
28.756 30.332
28.777 29.003
27.709 26.3
26.855 28.614
31.421 29.513
26.453 26.818
28.74 29.282
25.509 26.289
25.876 26.545
27.774 32.088
24.231 26.757
25.654 26.707
29.228 28.108
33.165 28.476
28.937 29.519
26.989 28.13
30.968 28.575
28.543 27.74
26.844 29.89
27.571 28.586
26.943 25.465
31.88 30.291
29.184 28.594
26.58 25.115
25.506 25.795
27.476 24.416
25.941 28.1
29.566 26.138
29.084 29.593
26.184 27.371
27.983 27.681
26.513 31.143
29.104 29.227
26.637 27.727
31.091 27.098
28.165 28.578
30.131 30.471
27.298 30.117
30.574 28.824
31.012 25.715
25.767 27.049
27.915 27.896
32.888 30.121
28.547 27.381
27.572 30.259
