24.75 23.148
20.735 25.078
21.836 22.746
24.622 24.411
20.511 18.805
21.25 22.87
24.296 25.31
21.246 22.797
18.602 18.679
20.173 17.937
21.227 19.533
19.819 22.671
17.51 20.556
22.457 18.499
16.801 19.969
20.301 20.346
21.673 19.895
23.976 24.896
24.756 22.973
20.945 23.852
21.668 21.019
22.52 21.496
22.857 22.54
23.401 20.391
22.664 19.906
22.366 20.173
21.351 20.873
20.751 22.938
23.052 25.702
20.556 24.505
19.344 20.194
19.321 23.117
22.943 19.482
24.803 20.993
24.527 21.555
20.159 20.22
20.291 24.718
23.76 22.372
20.24 20.9
18.541 18.838
22.353 23.585
25.409 23.852
18.933 22.395
21.007 25.558
18.797 25.217
24.417 21.127
18.763 19.846
24.726 21.462
19.555 19.461
20.322 20.479
21.004 21.194
24.391 23.577
18.57 22.021
24.925 21.329
18.564 23.459
21.024 19.334
23.222 20.422
18.773 17.439
21.587 22.416
23.255 21.886
22.837 19.204
22.803 18.898
23.023 19.456
22.424 25.41
24.111 22.217
20.411 20.036
22.355 22.242
19.96 19.88
21.664 21.332
19.06 19.769
20.227 21.225
21.423 20.423
21.826 21.312
20.696 19.527
22.559 22.902
20.157 21.829
22.197 20.928
23.032 19.67
19.846 22.464
21.804 20.533
21.434 20.71
26.459 20.407
22.405 25.428
19.848 22.125
23.161 21.802
23.689 19.889
25.986 22.661
23.088 19.14
22.508 18.856
19.154 21.679
22.018 22.044
22.201 21.806
21.041 23.545
20.397 22.094
24.156 17.855
21.638 23.198
24.022 21.642
20.91 19.066
21.136 24.177
23.911 22.4
23.038 21.676
20.374 25.254
19.792 21.07
21.315 20.811
19.112 20.513
23.956 21.151
21.284 20.481
22.487 21.281
21.483 21.17
20.217 22.042
23.643 25.649
20.913 21.866
23.917 22.574
21.066 24.923
21.529 24.437
25.421 22.671
21.294 19.912
22.242 24.302
23.201 23.243
23.619 23.815
20.886 21.538
23.259 23.287
23.988 21.494
21.787 21.898
23.802 21.434
23.733 17.631
24.721 18.664
24.536 22.44
24.143 22.222
22.995 26.289
19.827 22.827
24.218 23.383
24.153 19.182
20.376 23.818
21.805 18.988
24.395 24.371
22.551 22.398
21.727 26.493
19.143 25.078
21.694 25.136
21.621 22.925
21.268 24.9
17.568 21.454
21.381 25.279
21.743 22.738
22.712 24.233
19.211 24.038
20.629 21.848
21.21 20.899
18.896 21.544
21.608 20.014
20.793 20.312
22.256 17.775
19.003 20.167
21.908 20.458
24.574 24.597
20.127 23.04
24.488 24.405
19.37 23.622
21.503 17.543
20.291 22.193
23.338 19.363
21.303 22.449
21.156 21.831
24.602 23.799
21.664 25.21
20.981 23.342
22.867 25.134
22.942 23.388
19.554 21.966
23.784 23.662
25.286 18.069
22.786 22.475
21.639 23.775
23.831 23.586
22.038 22.19
19.13 20.874
18.866 20.192
25.348 23.35
22.709 25.609
19.212 23.025
24.673 21.868
22 21.577
24.518 20.319
23.774 23.622
20.84 25.223
24.384 23.744
20.862 20.724
21.091 23.206
20.8 22.332
20.254 22.416
23.347 18.673
20.439 17.817
18.584 20.276
23.121 22.862
24.746 17.974
20.681 22.026
24.919 22.469
22.01 25.836
18.185 24.756
20.611 21.138
22.703 22.576
26.039 22.187
22.628 21.461
21.993 20.258
20.646 20.525
22.108 19.356
25.653 21.083
16.53 21.448
25.256 24.219
25.293 20.148
23.433 23.148
20.651 21.804
20.854 22.78
23.517 19.015
22.363 23.347
21.603 22.171
24.153 24.007
21.082 21.763
18.149 24.039
22.402 24.536
20.516 22.337
20.629 24.719
20.7 21.577
21.451 21.471
18.715 24.177
21.589 23.707
23.989 22.591
25.603 20.198
21.738 21.354
22.839 19.242
22.366 21.164
20.73 24.234
24.292 21.545
20.83 25.816
25.12 22.054
22.543 22.453
20.144 17.697
19.451 21.623
21.026 23.214
19.567 23.489
23.613 21.862
22.794 21.436
21.532 20.985
23.858 23.371
22.053 22.335
23.507 18.591
25.614 22.584
22.104 20.882
21.288 23.688
25.409 20.757
22.615 21.942
25.137 22.18
26.082 22.575
20.33 23.14
18.813 17.952
21.786 23.095
23.648 23.639
20.634 20.548
22.971 21.372
22.284 19.657
18.958 20.569
23.872 24.726
18.625 21.435
23.984 25.507
21.601 20.442
22.783 24.858
18.31 22.312
23.066 23.14
22.804 21.684
23.397 23.67
23.516 24.765
22.478 20.854
22.103 22.394
21.583 21.353
22.937 22.702
20.781 23.058
20.492 26.175
22.562 20.334
24.16 22.029
23.834 22.036
20.527 21.664
25.874 22.167
22.039 18.258
21.829 24.243
20.291 20.423
25.987 20.996
19.066 24.876
22.707 23.213
20.755 25.681
25.221 22.342
20.145 22.2
23.481 22.806
17.714 21.38
23.632 19.009
25.245 23.995
23.019 18.798
23.582 22.66
23.985 19.403
23.615 22.079
24.013 22.107
22.353 22.184
21.779 18.692
19.652 20.333
21.408 24.96
20.938 21.651
22.959 19.546
23.11 23.012
20.41 22.058
22.401 22.645
20.246 21.369
18.935 21.597
18.761 19.903
24.922 24.046
21.755 20.866
20.613 22.987
19.684 24.139
22.983 22.442
20.626 17.551
21.91 24.239
22.06 21.754
23.239 20.283
22.827 21.324
20.016 21.826
24.691 23.817
23.892 22.039
20.769 20.026
22.621 22.156
19.94 21.609
19.986 19.669
21.248 26.198
20.61 20.366
20.231 19.466
23.445 20.433
20.187 22.287
22.748 17.582
23.73 20.402
20.921 22.519
22.231 21.817
19.91 21.895
22.749 25.025
22.66 23.668
17.309 23.089
20.904 21.874
21.331 24.21
18.89 22.954
22.546 24.234
22.308 17.933
23.64 20.984
24.974 21.028
24.664 21.29
25.805 21.958
21.805 25.535
21.044 21.248
23.771 21.942
19.408 21.283
20.257 23.713
21.696 25.2
18.354 23.347
19.31 21.931
23.614 21.312
18.77 24.071
22.954 25.26
22.933 24.83
24.602 20.165
21.681 21.677
21.854 26.473
20.645 19.823
23.511 23.799
20.731 20.857
21.144 23.833
21.64 21.81
20.349 23.924
19.271 21.7
25.481 20.694
20.508 21.116
23.614 24.395
19.287 23.814
22.439 20.752
23.409 21.608
21.496 18.109
21.37 20.293
20.299 18.526
21.592 21.237
24.066 23.3
19.909 22.533
21.528 20.866
18.858 23.783
23.802 22.344
19.981 23.507
21.956 22.531
23.48 22.93
23.008 21.38
23.403 18.285
19.9 24.234
23.497 19.541
25.495 23.731
24.276 19.885
23.13 21.362
21.453 22.047
24.196 22.121
21.501 21.275
20.991 19.217
20.419 20.387
21.517 20.367
22.421 19.525
19.974 22.209
24.242 23.781
25.248 21.838
19.073 18.896
23.476 21.147
21.947 18.623
21.028 22.874
21.825 23.579
22.059 19.168
23.526 22.955
18.47 21.59
22.245 23.726
21.915 22.03
20.619 19.802
21.382 23.109
18.445 22.663
24.095 22.161
26.399 21.882
24.641 23.741
22.689 22.414
18.595 20.739
20.433 21.371
23.614 20.281
24.715 24.832
23.283 19.03
22.374 21.028
20.591 20.201
26.31 20.217
22.655 20.055
21.33 19.297
22.369 23.661
24.334 23.078
21.432 17.079
21.684 23.214
22.038 23.412
22.539 21.381
21.359 20.511
21.955 24.357
22.789 22.48
21.404 20.008
22.148 20.492
23.958 23.984
23.095 22.135
21.551 21.967
22.315 22.511
23.686 20.648
22.094 21.537
20.429 24.027
22.152 23.72
23.235 24.659
21.58 24.505
23.743 19.166
21.341 19.613
20.938 24.16
22.064 18.878
21.731 23.432
17.722 18.531
23.242 18.575
19.203 21.951
24.338 19.836
22.517 22.767
24.705 24.955
18.939 24.694
24.643 20.415
19.892 22.68
21.855 19.62
19.882 21.446
22.427 20.393
19.16 20.673
18.661 18.375
21.273 22.05
20.929 24.899
22.957 22.004
23.28 21.69
24.676 22.897
22.263 21.733
24.126 22.69
21.319 22.531
21.341 21.965
24.937 23.91
23.252 21.191
23.515 20.867
21.882 20.522
21.489 23.881
18.568 21.237
20.823 19.804
21.3 23.282
25.124 22.822
19.096 19.975
20.595 22.473
23.461 18.543
20.741 22.34
24.727 18.213
19.827 23.078
20.414 21.388
21.49 21.551
22.078 23.539
23.936 18.761
16.566 20.255
21.332 24.501
22.543 22.237
20.989 20.464
21.116 19.488
19.486 20.975
20.691 25.096
21.151 18.084
25.285 23.384
21.535 21.589
23.182 21.576
24.56 19.936
21.667 21.189
21.001 24.301
25.468 22.392
25.106 22.408
18.885 23.698
19.572 22.037
25.597 19.73
20.348 18.622
19.36 22.561
22.785 23.479
24.072 24.031
22.189 19.352
19.163 17.834
17.039 23.268
21.417 22.817
19.569 21.273
21.471 25.49
23.395 24.059
23.861 22.544
22.549 20.467
22.442 22.678
22.861 25.246
20.329 24.24
22.677 21.3
22.992 18.451
21.359 24.551
23.195 24.691
21.203 23.615
20.379 20.717
20.214 20.911
24.51 24.615
24.008 20.421
22.163 20.542
18.461 20.301
19.889 25.01
19.521 23.479
21.783 24.773
21.366 21.119
23.357 22.413
19.457 23.446
21.859 26.191
24.697 22.499
24.075 24.441
22.785 20.706
25.221 22.957
18.815 23.212
22.521 21.981
21.279 23.465
21.897 21.508
23.331 19.932
20.915 20.273
18.666 24.426
21.951 20.275
21.473 20.966
21.119 22.366
22.269 24.534
22.388 22.845
18.985 23.371
24.263 19.523
20.265 21.905
25.149 24.411
24.403 21.636
23.698 23.962
22.686 21.05
22.148 22.827
19.988 18.404
23.985 22.716
19.83 22.535
20.772 21.036
21.27 23.193
23.4 21.136
21.969 22.084
20.524 20.225
22.687 20.58
22.135 23.007
23.708 18.92
23.329 23.444
19.749 24.696
20.082 22.06
23.735 22.136
22.585 23.484
23.112 23.66
17.318 20.408
22.588 25.982
21.48 18.716
21.87 19.939
21.133 21.386
20.18 17.111
23.605 23.148
22.61 23.817
24.022 18.431
20.823 21.385
20.005 25.267
23.347 21.355
24.412 24.457
24.051 21.353
23.771 21.468
23.019 25.697
21.185 21.391
20.335 22.044
23.279 22.9
21.644 20.702
24.021 21.668
21.879 21.415
22.833 23.133
21.54 22.315
22.422 21.355
24.25 23.901
20.354 20.35
24.451 19.895
23.285 22.383
21.096 20.433
22.277 19.597
20.345 21.371
20.375 21.095
22.002 19.764
20.963 17.925
23.279 21.534
20.372 21.092
22.968 24.335
19.704 21.783
20.817 20.461
21.345 20.63
22.039 19.083
21.963 22.76
20.481 19.927
21.115 22.086
20.968 21.558
21.568 24.925
25.807 21.09
23.533 21.978
22.654 19.593
21.601 23.225
23.326 19.647
22.769 19.535
20.841 20.98
23.985 20.145
19.34 21.603
22.348 22.834
21.532 23.203
22.135 18.229
21.055 26.239
18.278 22.091
18.831 23.325
21.176 22.632
23.61 25.003
22.945 19.875
21.052 21.574
24.092 22.494
21.189 21.011
23.369 21.343
24.153 18.153
21.205 23.478
20.148 21.659
21.454 25.637
22.954 20.443
23.815 23.09
22.971 21.826
19.797 18.881
22.211 23.239
23.202 19.32
19.18 20.726
24.528 25.165
22.809 20.527
24.271 19.855
23.961 21.49
23.762 20.722
23.561 21.433
22.428 22.18
25.439 21.628
20.419 20.892
24.154 23.024
22.334 23.081
23.429 21.026
19.219 19.156
22.08 18.525
23.719 22.692
20.447 21.616
26.106 21.878
23.156 19.454
20.27 20.21
22.479 23.628
18.902 22.978
24.084 20.575
20.248 24.968
22.065 18.138
22.503 19.397
23.237 22.863
21.166 23.099
20.98 23.818
21.377 21.271
20.469 23.44
18.377 22.93
19.288 19.131
21.148 20.51
23.429 21.533
19.988 20.355
19.388 22.909
23.722 21.443
20.901 21.629
23.74 22.68
23.034 18.631
20.215 23.76
24.759 23.439
21.804 21.204
25.036 21.1
21.828 21.474
23.344 21.207
25.141 21.193
22.105 25.017
22.908 23.606
22.179 20.9
19.993 24.302
24.23 22.497
20.815 22.821
21.542 21.143
21.48 23.042
21.523 22.661
17.787 22.535
19.962 21.156
21.808 22.387
22.629 22.643
21.613 23.187
21.103 21.662
24.109 21.391
22.226 25.291
20.21 24.492
18.282 22.647
19.788 19.079
19.262 25.554
22.913 21.614
20.982 23.177
23.147 21.412
21.709 24.28
25.814 19.129
18.101 21.468
16.49 21.063
23.759 21.601
24.633 23.961
22.809 21.855
21.372 20.965
22.575 23.543
20.46 22.371
22.831 22.832
23.425 20.489
22.943 21.991
22.868 19.96
23.883 22.111
22.708 17.145
22.028 21.108
20.275 20.703
19.125 25.099
24.032 22.48
20.168 26.265
22.546 18.276
18.77 19.304
20.705 22.488
19.694 17.167
19.054 23.417
19.646 23.97
23.475 21.037
22.057 22.308
24.564 22.645
24.465 19.416
19.362 22.586
23.489 23.249
22.656 18.838
20.474 20.122
20.562 25.411
19.694 23.998
20.075 20.024
24.372 20.261
22.413 18.857
21.494 23.049
18.758 22.601
23.073 18.781
19.247 20.725
22.442 22.389
21.668 19.601
19.557 21.522
24.312 19.391
21.032 17.379
22.669 19.993
18.745 22.436
20.138 17.964
17.85 24.494
21.816 20.491
22.465 23.357
20.971 17.984
22.861 24.405
20.836 23.895
20.058 22.098
24.974 21.557
22.793 25.505
23.226 19.301
17.869 20.325
22.018 25.753
22.292 20.866
23.807 20.892
20.599 23.673
23.917 17.003
21.768 19.737
21.627 22.906
20.418 25.012
19.054 18.337
18.645 18.94
20.16 25.658
21.617 19.399
21.8 19.784
19.574 21.041
25.145 20.604
20.955 23.685
17.905 23.217
20.455 22.543
21.771 20.794
22.84 22.582
22.407 24.05
22.486 24.1
21.176 20.275
22.971 20.339
22.635 21.306
21.73 22.381
20.359 22.961
20.553 21.463
19.819 17.15
21.567 23.841
20.699 19.454
19.971 22.025
23.247 21.117
21.279 19.755
22.037 21.662
21.986 21.066
21.129 20.551
21.132 23.503
21.613 17.384
20.163 20.034
23.775 23.868
18.243 20.418
21.498 24.305
21.149 20.002
19.665 21.846
21.453 22.417
21.225 21.576
21.851 19.383
22.579 19.217
22.893 24.462
23.026 25.041
20.302 25.832
19.139 20.863
22.677 26.419
25.232 22.643
23.305 22.387
20.79 23.94
20.522 24.192
21.031 23.594
22.868 21.076
22.713 23.309
20.225 23.242
24.228 23.202
19.962 22.424
24.096 21.232
22.778 22.281
22.258 21.632
23.22 23.442
24.307 25.454
22.288 21.982
19.581 22.733
23.434 18.626
23.568 24.36
21.918 21.641
22.364 24.677
23.36 20.034
22.598 21.393
19.928 24.845
20.869 21.405
24.239 20.173
24.223 20.33
18.875 21.399
22.666 21.062
22.1 21.6
24.788 22.443
20.39 24.946
18.489 22.136
18.038 20.941
19.559 24.481
24.413 21.829
19.427 19.94
22.541 22.55
22.117 18.005
18.731 17.457
22.16 22.292
20.836 19.452
19.644 21.419
22.244 17.361
17.715 24.841
21.008 21.355
23.029 20.996
23.044 25.149
24.599 19.408
21.263 19.536
18.492 24.084
26.143 19.543
21.267 23.491
23.767 20.576
23.536 22.076
22.634 18.389
23.258 21.298
23.49 22.296
21.451 20.223
25.258 19.107
21.001 22.129
22.837 23.255
21.762 22.157
21.52 25.582
20.145 20.44
24.277 25.067
21.133 21.637
21.304 19.966
22.013 20.679
23.449 24.736
22.174 21.225
23.127 21.06
25.371 23.065
22.959 25.439
20.482 20.215
22.867 22.833
21.01 26.254
24.134 23.207
20.701 20.896
22.434 21.327
23.751 23.806
22.702 23.623
21.127 25.139
21.754 19.479
22.281 22.99
18.76 24.629
22.66 23.79
24.924 21.314
21.078 21.628
20.509 23.138
19.876 21.935
21.897 21.838
21.673 19.795
19.536 22.956
23.571 21.31
26.384 21.703
21.179 23.801
24.282 19.335
22.105 22.535
22.735 22.44
22.824 20.438
17.54 23.172
21.234 25.287
22.652 24.258
22.054 22.35
21.139 22.005
18.73 21.46
23.863 21.243
22.532 23.429
23.506 20.879
20.173 23
25.81 23.304
24.295 21.662
23.768 23.613
22.154 21.299
21.334 21.738
22.107 21.966
20.221 23.082
22.237 19.413
21.15 24.402
21.08 22.647
20.378 22.448
20.751 21.333
19.573 25.102
20.192 22.474
21.2 24.163
22.084 26.477
21.942 19.841
22.596 20.81
23.138 24.451
20.068 19.103
22.785 22.426
22.632 22.327
21.469 22.725
