33.18 23.621
35.747 29.336
32.18 23.105
27.639 19.947
26.659 33.58
29.602 20.058
16.876 23.739
22.984 37.728
20.631 30.058
29.691 21.424
34.574 34.677
21.227 27.631
29.764 21.74
17.642 25.577
16.785 24.999
28.973 21.028
18.617 14.095
27.392 22.915
26.585 16.632
35.241 32.674
33.469 20.331
29.333 22.308
18.496 32.521
30.069 20.887
27.333 20.851
21.552 26.788
11.734 19.804
21.593 14.257
16.905 24.316
28.773 22.962
22.822 34.792
28.71 20.679
13.778 28.056
17.625 13.916
28.709 19.685
29.227 13.556
29.153 20.267
28.688 34.519
23.058 37.058
32.132 32.238
19.614 33.53
11.533 31.466
23.088 31.91
18.438 26.437
32.727 22.341
34.952 28.941
35.472 28.076
27.23 17.427
29.253 15.178
32.773 22.625
29.956 20.697
36.396 31.353
27.179 17.498
27.275 16.578
4.8677 29.464
36.378 26.067
23.349 28.09
17.773 27.114
28.241 12.787
12.391 35.849
15.633 30.696
24.799 16.698
31.584 17.659
36.615 19.086
28.406 16.399
35.993 22.823
39.495 33.048
34.529 24.489
32.373 20.584
33.616 26.608
34.653 14.094
16.101 24.618
15.551 23.001
21.204 28.612
32.338 18.063
28.435 23.052
15.485 11.49
15.356 28.174
33.986 32.449
27.343 14.089
31.904 35.158
22.51 29.279
29.648 35.052
26.604 34.232
32.441 36.302
17.897 37.794
23.999 16.021
14.45 21.096
26.416 16.217
29.45 34.139
21.894 32.913
29.198 16.369
23.088 30.087
19.082 34.072
28.354 15.4
26.092 15.784
22.018 15.635
23.975 25.983
19.304 12.717
26.747 15.728
27.799 21.288
27.108 14.678
22.422 31.306
34.029 21.672
21.099 30.558
19.715 33.72
26.379 19.042
18.434 26.189
31.154 37.443
36.634 18.986
20.838 30.096
21.557 30.525
17.007 18.428
18.445 7.5738
27.981 16.42
23.704 14.857
27.715 18.083
28.94 22.916
26.652 18.559
20.257 9.5014
27.718 17.954
37.911 27.847
31.786 19.306
24.37 41.101
33.791 27.383
23.434 32.801
19.184 13.876
29.544 20.258
25.727 14.906
25.566 33.312
24.83 38.297
35.896 31.671
26.869 34.371
30.82 19.135
30.105 18.267
18.655 28.653
20.332 28.994
43.52 20.629
31.683 37.496
36.25 14.421
38.212 27.787
31.799 24.081
28.469 19.856
31.176 34.504
32.016 33.208
22.586 29.511
32.595 20.283
23.672 16.657
29.537 19.247
21.781 28.87
19.98 28.144
27.129 21.618
27.183 20.407
26.936 21.763
30.228 21.592
22.759 28.533
20.401 27.703
19.489 11.578
23.394 26.263
26.501 20.363
19.327 26.517
18.669 26.018
16.727 30.798
28.988 22.036
15.074 31.412
28.193 21.461
29.625 19.382
24.365 13.415
22.823 30.237
24.751 8.5423
38.485 16.614
23.118 34.216
25.348 17.48
32.025 23.23
29.859 40.104
19.948 27.355
18.603 30.818
14.637 35.042
28.926 15.2
30.742 34.84
16.927 25.415
23.111 27.509
26.903 33.742
23.441 33.415
16.844 25.865
19.807 14.737
29.609 20.435
16.164 23.29
19.094 34.4
27.634 34.119
35.518 26.753
24.821 12.093
37.134 24.661
13.705 20.383
10.527 18.486
15.712 21.129
21.265 27.302
34.612 16.624
26.121 17.678
17.591 25.305
18.188 29.217
22.557 27.279
30.021 33.879
34.499 23.262
35.895 18.673
23.659 31.303
21.819 28.741
24.917 11.336
24.679 35.144
27.331 34.074
18.942 29.456
34.996 26.339
30.69 18.896
15.695 32.969
26.22 17.215
40.446 19.26
33.054 20.77
26.65 19.818
20.879 31.849
28.915 22.783
27.647 22.203
19.741 30.109
25.937 18.491
23.703 26.355
17.377 24.953
15.026 18.711
25.538 34.044
35 29.701
26.161 23.726
24.379 35.034
21.363 32.302
24.823 17.572
7.2858 30.282
30.099 19.269
27.467 34.873
35.946 33.263
29.427 13.286
26.984 18.804
21.37 13.402
10.62 22.839
17.616 29.159
14.954 25.193
35.938 18.463
26.845 21.945
23.642 32.307
28.817 19.852
22.125 28.06
22.813 29.047
13.883 21.408
31.125 20.215
24.361 32.825
14.325 24.848
21.488 32.932
33.077 12.747
33.786 25.964
17.757 28.114
23.191 28.782
23.281 30.514
25.723 35.525
30.704 13.877
34.111 23.626
27.568 20.56
19.468 27.255
22.987 14.594
31.689 23.86
26.772 19.497
30.357 35.721
23.065 31.819
30.051 20.628
32.583 21.817
33.306 17.62
31.654 17.684
30.671 17.071
29.516 21.51
20.809 31.089
36.067 23.73
38.961 18.763
26.616 17.705
22.825 31.779
32.366 19.323
21.066 26.983
29.457 15.454
43.914 15.866
17.78 26.682
21.648 31.382
16.019 26.106
23.268 28.687
19.314 28.381
12.655 24.716
37.495 22.43
14.133 26.136
24.294 38.213
19.185 29.436
19.864 27.831
26.745 22.765
26.338 23.662
27.152 45.998
26.782 19.409
15.413 36.673
14.713 26.625
26.901 22.447
32.67 22.287
32.078 23.442
40.073 17.238
13.68 33.759
27.185 15.845
31.514 20.765
20.382 15.709
20.755 15.321
13.995 34.505
33.67 23.916
28.374 17.031
24.712 35.072
37.311 23.003
29.382 23.121
30.841 19.705
35.538 30.528
39.613 28.85
16.613 28.651
20.858 27.288
19.769 28.67
28.472 34.368
21.302 34.397
18.981 26.775
15.863 17.04
22.857 11.944
33.31 26.64
33.313 24.626
31.015 19.563
33.552 20.567
27.406 19.515
28.978 17.722
32.335 13.833
13.803 22.34
21.239 14.291
27.548 14.76
18.592 33.653
28.715 12.843
23.191 26.555
22.296 27.803
22.972 28.97
29.13 22.639
19.277 27.837
31.697 17.414
17.016 29.711
23.059 15.833
15.821 18.96
22.734 28.401
23.622 26.732
16.109 21.466
13.047 19.334
35.469 21.499
17.081 35.049
22.867 32.433
20.872 28.104
26.049 34.823
24.623 32.9
15.413 28.687
23.357 14.251
21.496 26.848
28.775 37.45
16.712 26.591
25.935 17.944
15.899 24.964
20.748 34.526
27.938 21.951
27.098 11.024
33.748 20.03
26.755 19.167
21.412 12.388
15.432 13.453
24.43 33.9
35.936 31.882
8.736 24.014
23.655 26.719
21.275 35.97
16.658 28.469
16.224 24.642
41.143 19.573
17.882 29.118
23.444 29.662
33.858 19.708
31.824 32.727
17.387 28.342
15.755 25.885
16.67 11.32
33.087 24.185
35.514 23.974
27.824 19.403
21.563 28.49
12.724 18.76
15.801 31.158
27.929 22.332
27.175 18.698
20.113 27.415
25.852 16.284
16.862 28.35
22.136 27.184
34.633 28.654
28.118 15.091
18.899 28.125
28.733 19.491
18.661 27.931
25.239 10.56
16.167 29.937
23.266 30.743
28.035 21.21
28.583 22.685
26.39 19.121
23.292 30.505
16.75 24.476
29.643 21.643
31.92 19.902
26.745 17.93
19.021 34.198
34.139 27.555
27.987 9.1024
27.685 16
20.789 13.153
26.602 7.5133
15.487 32.897
27.194 23.254
18.668 29.402
36.191 30.668
27.632 15.29
25.009 13.924
26.309 15.581
16.857 30.774
20.351 26.838
31.68 22.898
39.095 42.986
32.655 15.915
24.521 33.045
18.807 30.155
17.459 28.79
27.763 38.247
10.633 28.007
21.472 32.925
33.073 35.198
20.692 30.756
29.893 12.728
38.926 33.689
36.2 30.606
23.232 34.359
39.061 24.343
16.845 33.453
18.231 29.743
14.333 20.533
36.175 20.304
36.979 19.44
34.575 23.78
38.22 37.239
22.087 27.291
13.782 26.005
33.654 15.467
26.163 37.543
19.693 27.331
34.096 7.1877
27.388 19.095
17.521 25.616
28.515 19.854
23.407 31.039
31.21 16.235
21.322 28.553
35.845 26.284
36.699 25.559
21.189 43.01
21.144 11.759
17.368 18.254
20.244 27.883
27.802 22.677
16.747 31.322
18.47 26.724
21.837 33.353
13.835 31.621
33.741 20.231
34.291 18.142
23.365 32.831
22.22 31.94
20.868 29.375
27.672 23.305
23.316 37.375
20.987 32.05
33.505 26.578
34.748 12.17
32.022 24.699
26.241 17.34
23.063 28.719
32.213 24.567
29.845 8.9787
33.32 20.835
32.645 42.346
31.738 23.428
22.654 30.733
16.703 24.605
23.266 26.515
26.896 15.778
19.621 32.164
25.948 18.719
27.73 20.762
23.55 31.295
29.205 22.45
19.865 28.804
21.761 36.283
29.109 11.514
32.821 23.74
18.905 26.85
15.113 26.067
19.822 32.358
23.987 16.027
23.189 26.812
20.251 30.3
33.449 19.546
22.712 30.404
27.967 20.097
30.679 23.806
27.364 19.966
29.938 20.869
33.454 24.704
34.077 22.763
31.941 16.38
25.6 17.844
27.64 19.288
29.887 20.987
34.002 30.918
29.288 37.331
14.561 34.331
27.016 18.53
21.13 27.248
23.088 34.426
26.2 33.915
27.352 35.023
16.013 29.174
19.021 31.577
17.348 33.162
14.418 18.968
20.672 33.794
37.235 26.505
26.17 10.718
22.17 15.602
31.113 22.453
27.002 21.376
30.183 18.178
25.296 17.57
21.501 27.1
30.326 16.078
11.132 41.803
34.846 16.716
25.29 34.442
25.979 24.025
30.038 22.677
29.866 20.947
15.492 28.153
31.859 24.18
29.807 15.796
37.334 9.4355
30.523 13.849
16.384 20.354
32.086 14.978
31.985 33.248
26.195 35.548
34.805 21.263
22.246 37.79
30.059 18.957
27.457 22.31
15.807 31.784
27.454 23.177
16.575 23.824
13.222 22.181
29.799 16.091
29.583 22.547
20.674 37.067
28.26 34.542
21.609 29.29
20.65 27.819
24.394 32.802
31.551 23.321
35.58 23.716
22.556 30.714
26.422 20.047
26.743 14.72
28.423 21.141
20.639 27.308
25.389 32.643
28.025 21.53
34.581 25.24
28.141 22.086
29.262 16.928
24.868 32.664
15.283 22.555
30.098 34.851
28.852 11.313
33.687 23.46
31.668 34.053
34.156 23.185
28.717 15.794
23.002 28.063
22.585 30.032
22.299 30.768
30.123 35.129
27.066 21.651
30.818 15.704
28.03 20.745
34.276 20.824
16.801 26.949
35.343 18.715
20.504 26.958
23.949 32.89
37.187 26.034
29.153 16.516
18.236 35.585
34.562 19.943
21.693 33.515
38.695 25.935
18.954 28.717
23.702 30.677
25.307 14.573
18.045 29.283
35.45 14.346
23.308 28.055
28.597 21.945
19.998 29.135
17.142 38.737
30.344 21.087
19.172 31.231
8.6254 24.531
30.32 13.487
14.152 19.734
32.588 24.665
22.618 28.648
29.843 22.134
30.446 20.56
31.738 35.3
18.965 29.667
19.109 26.107
25.356 33.111
22.933 30.619
34.108 39.293
34.367 11.964
17.961 17.137
22.782 27.784
19.216 29.136
29.858 21.408
16.433 24.177
22.037 27.833
30.127 37.158
27.597 19.992
19.132 28.639
19.385 16.402
14.517 9.9317
27.5 33.886
21.474 31.356
27.391 22.576
22.57 28.712
27.422 13.946
27.152 20.615
22.133 31.747
27.039 21.991
29.555 20.102
16.833 26.432
31.941 19.284
20.423 30.093
25.147 17.902
16.441 23.562
16.407 20.374
33.933 19.584
31.502 11.779
13.647 12.516
15.408 24.841
21.66 28.447
21.861 29.272
19.988 15.616
15.704 16.3
28.444 22.145
35.212 29.828
22.733 32.412
33.544 34.178
32.683 36.025
31.413 19.341
21.154 30.784
12.024 19.38
22.371 33.984
27.699 18.339
32.523 32.613
23.515 29.872
25.564 18.372
18.653 16.108
34.875 16.777
33.438 22.111
13.728 21.329
40.026 18.621
20.794 34.538
22.27 28.412
29.46 18.743
22.683 27.101
35.494 24.047
26.926 33.674
33.462 22.836
20.811 31.428
22.726 27.44
18.346 26.011
18.268 15.723
29.29 22.617
31.487 21.794
18 14.356
19.469 34.273
27.204 16.864
14.263 26.448
37.054 20.817
28.025 21.248
34.035 22.989
19.136 29.769
32.037 23.728
35.892 29.35
26.945 15.217
20.801 28.999
16.244 30.321
25.678 15.097
33.651 23.632
27.31 34.969
16.527 23.105
28.037 21.888
34.429 32.394
16.177 23.418
27.423 19.322
32.306 15.968
29.498 18.818
17.304 10.349
23.658 30.363
18.996 29.484
17.476 30.428
18.012 32.942
23.301 29.986
34.423 27.842
14.612 31.3
25.37 38.683
22.113 31.975
27.132 21.483
18.9 27.773
30.088 22.098
23.152 28.546
29.97 17.637
14.847 21.43
30.131 18.247
30.039 20.31
10.988 29.435
29.785 20.862
31.808 23.435
17.637 29.362
36.822 19.277
30.719 21.18
36.109 27.836
19.797 27.751
16.6 29.099
35.491 19.76
27.794 35.025
23.775 30.928
33.628 32.314
24.27 13.583
29.225 40.014
34.645 20.364
34.971 26.583
16.19 37.039
25.335 39.927
23.746 36.119
31.339 37.057
39.295 32.675
29.45 16.118
16.965 29.276
22.141 30.065
30.72 33.824
22.934 29.7
37.247 20.843
26.419 15.9
24.921 33.645
38.198 31.269
26.433 33.944
16.144 26.442
16.662 26.724
34.922 25.167
27.338 19.232
15.556 25.568
33.068 23.931
14.311 25.601
13.782 25.438
28.793 13.889
26.823 38.929
22.331 32.633
13.371 22.871
19.67 27.652
30.066 19.294
27.868 22.884
26.345 18.476
36.915 17.678
20.019 31.01
36.77 33.248
18.888 40.152
22.421 27.918
26.707 36.134
16.112 39.283
28.325 15.728
27.226 12.287
24.687 14.148
14.937 16.307
28.143 23.044
20.135 29.844
32.474 32.586
26.557 17.307
33.828 30.195
25.102 16.649
12.188 31.782
28.204 12.974
42.489 21.418
16.414 39.125
28.965 34.588
23.501 12.677
12.711 31.657
19.658 32.34
30.617 17.806
26.745 18.324
28.102 22.309
29.352 14.068
21.954 14.166
29.064 14.09
23.654 30.717
17.404 25.579
38.93 20.871
24.238 15.615
20.912 31.16
27.075 23.173
36.539 12.434
33.637 19.241
34.777 11.304
25.334 38.516
15.12 35.17
31.432 18.98
18.292 30.033
23.907 32.511
28.474 16.304
26.256 14.629
26.876 40.742
33.13 24.499
29.761 34.31
34.888 28.156
33.314 18.855
21.512 29.713
9.2123 24.209
31.361 20.483
20.558 28.118
34.386 21.461
18.635 27.327
13.405 21.078
17.278 10.856
30.888 34.294
21.818 29.799
32.001 22.522
23.509 36.612
24.659 33.302
27.387 17.459
9.1695 33.606
33.181 13.639
13.375 21.742
23.424 29.436
25.83 34.266
26.77 16.826
12.116 29.582
32.122 13.602
18.841 26.462
36.89 21.812
14.512 29.502
19.244 28.123
11.133 28.814
31.315 13.052
22.083 27.264
29.957 20.817
27.806 34.079
17.938 31.994
19.157 27.936
24.178 31.821
27.542 12.591
16.796 25.882
23.035 31.936
29.542 19.627
31.935 24.207
20.904 27.245
26.684 21.263
21.254 31.215
21.761 28.146
14.744 30.421
25.621 15.513
15.682 24.424
32.204 23.001
23.351 30.821
24.284 17.098
20.07 28.521
19.609 14.204
16.955 26.807
22.644 31.752
26.846 23.113
23.305 27.614
16.48 24.345
27.061 21.528
24.302 33.882
17.971 26.839
26.729 17.887
14.669 22.1
33.558 26.436
34.607 30.85
25.651 34.121
20.968 29.624
26.79 21.533
29.118 18.311
16.221 34.67
15.945 23.095
14.573 32.874
24.559 11.376
35.545 33.948
23.769 35.889
23.679 34.23
20.282 10.615
23.801 32.338
26.146 14.737
21.511 27.576
21.465 26.99
26.955 15.994
30.071 17.048
15.619 14.311
29.213 15.626
22.792 29.687
26.943 19.273
23.703 30.786
21.71 15.705
23.357 27.328
11.47 23.058
25.512 16.796
17.065 25.528
20.742 30.03
27.813 16.599
16.872 18.18
21.311 38.349
36.826 30.027
28.283 9.4958
21.874 36.515
18.155 28.157
20 29.198
19.189 16.774
38.094 17.712
20.808 14.995
24.454 36.872
27.813 16.964
30.507 19.728
31.119 22.796
15.654 41.71
19.646 31.998
37.269 21.603
18.467 28.221
25.842 18.178
19.969 15.096
24.582 33.56
11.394 20.564
20.615 37.224
22.085 34.885
39.335 22.058
33.847 29.67
22.252 32.211
33.19 20.931
14.047 17.932
35.221 17.943
33.788 18.542
29.964 21.493
28.745 20.925
18.492 28.156
21.563 13.332
15.917 41.573
33.827 26.96
17.187 34.945
28.43 17.416
36.032 27.665
13.623 28.228
21.383 27.96
32.476 18.497
11.942 20.35
18.63 33.712
23.453 13.805
23.931 39.606
21.837 32.516
22.143 31.243
9.9784 28.45
14.532 17.143
27.444 18.799
30.053 17.05
34.275 39.894
22.038 27.347
14.608 24.982
23.734 14.102
16.762 24.357
23.801 36.496
16.663 10.681
19.808 29.827
28.749 22.945
