26.064 29.934
29.957 30.509
26.102 26.002
27.512 31.097
29.295 30.557
30.967 30.206
29.289 25.28
30.746 28.151
30.238 24.629
26.594 26.641
27.621 29.17
28.852 26.524
24.692 31.039
26.637 31.54
31.313 29.831
26.717 30.358
26.191 27.19
30.242 26.723
26.526 28.425
29.173 27.106
31.978 25.002
29.56 27.256
30.532 25.653
27.38 26.762
30.837 25.951
26.346 29.321
25.532 30.546
30.106 30.168
28.907 25.069
26.588 28.961
28.569 27.979
24.454 30.561
30.358 29.979
27.2 28.221
29.842 28.477
29.309 24.038
26.151 26.901
26.416 25.368
31.861 31.446
27.474 31.875
27.744 31.657
27.68 27.213
26.676 27.386
28.441 30.333
27.378 28.232
26.268 24.249
23.812 28.532
27.105 28.308
29.572 29.624
26.494 29.93
28.053 25.434
26.305 28.837
24.308 26.69
28.701 28.817
28.296 26.792
27.428 24.086
30.135 27.17
26.633 29.999
30.919 30.548
29.471 26.68
28.316 30.602
30.522 28.505
29.984 24.939
26.539 25.77
30.858 30.186
29.471 27.698
29.95 25.856
29.316 27.597
28.244 28.134
29.399 25.805
32.026 25.807
27.977 28.134
28.809 28.827
29.463 25.422
24.388 26.69
32.27 29.73
29.353 27.118
28.932 27.503
26.922 25.843
24.665 28.356
28.894 26.365
26.255 28.414
25.359 26.929
29.68 26.135
27.206 30.011
30.192 30.921
30.966 28.039
26.248 31.524
29.296 30.411
27.415 27.003
31.083 26.91
23.994 26.448
27.39 30.105
29.85 26.566
27.443 28.538
30.596 27.135
32.385 29.16
30.068 28.147
26.937 25.167
27.234 26.93
28.373 28.542
26.01 26.977
27.738 27.956
30.339 31.005
27.73 30.183
27.78 29.675
26.834 30.103
28.702 26.337
29.38 24.299
25.853 30.825
28.213 28.647
26.485 29.425
24.072 29
28.786 29.472
27.592 27.738
32.897 28.16
28.755 28.415
25.303 27.012
27.162 27.959
27.205 27.091
28.884 26.094
28.295 25.39
31.738 26.811
26.57 25.443
29.063 29.154
23.512 27.898
30.609 27.629
25.669 27.527
24.7 28.496
28.621 27.579
25.769 26.739
28.836 28.549
27.542 27.21
29.368 28.259
26.311 28.79
29.667 27.72
26.331 28.154
29.08 25.54
28.54 31.178
28.72 27.356
26.621 28.563
29.173 28.362
24.741 29.982
30.059 28.339
28.585 28.277
29.372 29.59
29.371 27.307
31.952 25.272
27.291 28.62
25.558 28.965
25.051 27.92
29.9 23.829
27.226 28.508
26.474 30.173
31.856 29.11
26.535 30.551
28.162 29.082
29.661 28.763
29.845 26.72
26.196 32.534
30.957 27.331
29.288 25.378
29.115 27.245
30.907 30.662
27.251 28.866
27.402 27.072
26.418 29.554
30.75 27.582
26.268 26.741
30.268 28.362
26.287 26.987
30.741 28.525
28.141 25.195
23.787 26.56
29.107 25.647
25.948 30.929
27.23 27.835
31.155 30.061
29.329 28.682
25.405 29.855
30.768 25.967
25.729 28.324
27.574 27.944
26.05 24.492
27.239 28.584
26.921 29.482
26.533 25.392
26.648 27.551
25.221 31.799
30.602 26.752
32.491 30.743
31.211 28.06
28.32 26.571
25.76 29.785
28.909 30.24
29.566 28.527
25.271 25.467
25.591 29.895
26.153 26.957
27.758 28.244
24.478 25.764
28.357 25.69
28.827 26.108
27.449 26.827
31.517 26.627
26.151 29.603
28.751 24.893
29.998 28.52
30.593 30.691
32.422 28.616
29.475 26.39
27.007 27.207
30.304 28.216
29.089 28.405
29.22 27.793
26.211 30.602
25.627 24.762
27.467 24.385
27.9 28.794
25.913 31.877
27.053 27.215
28.038 28.999
27.373 31.291
25.328 26.602
26.615 28.022
28.696 25.961
30.528 30.837
27.912 26.268
28.88 29.302
28.629 26.875
28.564 29.492
27.981 29.114
30.622 29.318
28.52 27.95
30.005 26.113
27.32 26.706
25.783 30.649
24.814 27.408
29.631 28.33
24.063 26.903
27.636 29.063
24.962 26.885
28.143 27.843
30.237 26.554
28.052 24.778
31.078 28.867
30.533 27.034
24.228 28.364
25.616 30.771
28.515 25.579
31.864 29.565
27.594 30.779
25.553 27.137
25.031 25.723
31.71 30.806
27.807 27.283
26.227 29.536
25.191 25.731
27.164 28.846
25.212 26.993
26.081 32.727
29.506 30.203
28.669 27.371
29.762 26.007
29.194 33.006
26.119 28.768
24.934 28.732
29.327 28.449
27.271 27.843
30.868 30.158
27.273 27.711
30.556 30.211
25.321 31.348
30.209 30.595
28.623 29.411
32.553 28.393
28.513 24.567
27.432 28.131
29.634 30.372
31.558 24.505
27.904 24.226
27.318 26.56
30.054 31.217
26.438 27.977
26.87 29.759
30.424 27.676
30.273 31.959
26.076 30.394
28.214 30.122
26.899 32.526
24.395 28.78
31.261 29.915
29.833 24.492
25.601 27.886
24.255 28.687
26.704 25.048
29.081 27.478
30.793 24.975
25.75 32.677
28.261 28.09
32.383 27.045
29.959 30.557
26.283 31.178
29.383 27.705
25.707 31.758
26.038 29.264
26.249 25.51
26.234 28.902
26.476 27.013
26.71 27.803
30.603 27.693
27.288 28.854
33.417 27.451
28.759 33.544
26.833 29.746
25.145 28.016
30.005 32.552
29.431 29.344
28.08 24.999
31.129 30.065
30.21 30.43
24.217 27.081
27.385 31.204
28.21 26.554
31.339 26.667
30.79 26.872
26.988 30.383
25.62 24.699
26.061 28.971
27.122 27.025
27.632 28.045
25.074 29.387
29.295 25.256
25.167 30.154
25.676 28.96
28.085 26.287
24.186 28.179
30.516 32.161
28.462 27.917
26.392 29.084
29.407 29.713
30.772 27.345
29.471 29.383
25.688 27.543
28.104 29.612
26.199 27.882
28.966 27.226
28.5 29.237
24.705 25.922
27.954 27.519
29.456 28.926
25.004 28.522
29.463 24.348
27.411 27.158
28.901 31.887
28.431 25.386
23.519 27.365
26.348 29.322
27.254 25.452
28.409 29.523
27.312 29.056
29.946 31.216
29.388 26.609
28.17 27.229
28.556 29.03
26.57 27.858
25.815 27.971
27.019 28.4
29.436 24.067
25.365 27.332
28.996 27.982
29.761 32.297
28.563 29.389
27.88 27.279
25.811 26.868
24.857 26.439
28.2 29.352
25.778 27.47
27.355 31.807
27.956 26.323
28.114 27.879
26.798 28.13
30.187 27.371
25.734 26.116
26.629 28.228
25.879 28.749
30.047 24.924
29.216 24.99
30.664 24.133
26.904 30.208
29.151 25.706
26.055 27.642
28.139 24.152
26.281 26.542
28.468 30.018
25.448 30.997
26.922 29.473
30.046 30.529
25.238 30.063
29.745 26.146
27.637 31.163
29.703 25.802
27.191 28.013
28.468 28.899
29.059 31.015
25.289 27.062
26.56 28.705
27.351 25.963
29.642 29.615
27.418 27.806
29.681 23.878
30.96 29.778
28.425 25.256
31.133 28.557
26.791 26.219
23.763 27.623
27.255 33.016
28.712 25.815
30.416 25.445
31.998 30.466
29.208 30.759
30.145 30.03
27.019 29.111
26.036 30.087
27.631 30.533
24.163 29.721
25.413 29.436
27.366 26.766
24.227 29.922
26.271 24.777
29.028 28.736
32.911 28.545
25.205 27.889
29.192 29.502
28.427 25.681
26.048 25.24
29.343 28.376
30.796 28.377
25.584 31.792
27.182 28.344
30.157 28.734
31.595 27.524
26.138 29.995
29.415 25.798
24.942 27.468
28.026 25.559
27.95 26.458
29.88 27.435
27.018 28.862
31.44 29.812
27.066 26.426
31.4 28.895
26.935 28.895
26.09 25.087
28.332 27.349
26.892 31.606
28.204 30.245
32.021 30.748
25.545 27.314
24.537 30.842
29.596 26.811
28.202 26.271
25.44 28.453
29.563 25.527
31.161 27.368
25.911 29.053
28.758 27.055
27.64 26.354
23.934 28.586
25.565 28.669
28.949 25.685
29.315 27.48
26.3 27.973
27.586 28.26
27.729 27.398
30.383 27.806
27.271 28.173
29.864 25.052
26.199 31.363
29.851 23.979
28.179 26.483
26.499 28.879
28.458 24.977
25.848 28.755
31.708 27.259
31.772 26.411
30.155 27.865
27.452 31.14
32.341 25.95
30.389 29.861
29.997 28.529
29.667 30.168
30.432 26.418
27.836 29.762
26.192 27.255
29.565 30.019
28.403 24.762
27.517 24.748
29.539 27.046
27.601 28.134
26.334 28.73
32.05 25.926
27.464 28.758
29.309 25.711
28.007 26.272
23.622 27.515
28.91 25.601
27.132 25.229
24.25 29.834
29.906 26.704
28.402 30.296
26.699 30.298
32.017 27.603
29.376 28.412
29.7 28.509
24.275 26.141
28.826 28.511
28.844 27.036
24.928 28.056
28.681 24.757
27.304 29.126
26.028 26.026
29.858 26.976
31.379 25.705
30.29 25.821
30.673 26.293
27.718 31.429
30.58 26.005
25.595 26.145
28.165 24.364
25.674 25.253
28.554 28.139
27.731 32.181
26.143 29.449
25.653 27.939
28.236 25.577
31.893 28.472
29.795 26.795
23.86 26.899
26.818 26.548
28.161 31.169
24.377 26.129
30.3 27.921
31.442 26.049
27.369 24.316
31.627 28.072
23.902 27.654
29.648 27.757
30.034 26.046
25.838 28.938
26.988 25.989
27.708 28.304
29.259 32.124
30.072 29.083
25.413 28.401
26.982 25.368
27.369 31.554
29.222 26.954
26.868 27.07
25.813 28.158
30.98 27.636
27.727 24.92
28.11 28.826
28.816 25.805
29.86 29.516
30.1 27.193
28.015 29.657
32.043 30.825
26.325 28.026
27.923 32.438
28.225 28.345
29.786 29.749
31.985 28.423
27.825 26.32
26.337 30.643
26.223 30.81
28.141 25.981
27.731 28.723
27.787 30.738
28.165 25.033
27.706 28.086
25.094 30.418
25.763 29.279
26.106 24.342
30.823 26.072
27.87 29.642
27.191 27.799
25.788 31.174
26.994 30.607
28.603 30.142
27.623 25.778
26.94 27.755
32.082 26.783
25.396 28.354
30.283 25.033
29.269 27.378
27.461 30.165
28.961 27.72
23.712 26.834
26.262 26.342
26.328 30.926
27.587 30.474
29.386 28.45
28.729 27.251
25.144 26.584
27.595 28.646
27.949 26.502
28.866 24.446
29.041 28.571
29.552 30.343
28.65 27.749
27.556 29.836
29.351 24.039
25.518 27.754
30.594 26.142
25.682 30.101
29.456 27.405
28.636 25.055
27.012 29.489
31.899 26.704
30.262 26.537
31.108 28.487
27.802 32.023
30.245 26.593
30.933 28.645
27.277 28.325
26.373 29.822
27.095 24.751
28.32 28.079
24.662 31.427
28.862 30.978
25.532 25.873
25.297 26.896
27.494 30.724
28.779 29.92
28.798 25.541
28.977 31.997
28.866 27.84
27.754 27.467
27.218 30.498
29.15 23.424
24.302 28.772
31.266 27.909
30.77 26.479
27.919 27.514
28.271 31.478
33.029 30.729
24.081 26.509
30.027 27.456
28.159 28.11
24.449 27.956
31.166 27.698
30.253 29.388
26.63 25.148
30.555 25.69
27.835 28.548
30.744 27.328
30.397 30.188
25.034 25.293
25.842 24.668
27.079 26.961
31.935 26.553
31.134 28.903
30.022 28.869
30.324 28.537
27.64 27.331
25.972 28.12
25.96 25.931
24.782 29.164
27.348 27.373
29.85 24.757
23.975 26.645
28.8 27.116
27.976 29.282
29.324 29.899
29.006 28.445
31.677 30.006
28.338 24.982
23.933 27.632
31.239 29.723
30.258 30.381
25.659 30.441
26.482 25.869
26.501 29.223
31 29.574
27.896 31.026
28.883 28.373
25.691 29.256
32.214 25.946
27.865 26.32
30.243 29.647
31.821 30.964
26.584 26.528
28.773 24.138
31.09 27.588
27.535 32.23
27.649 26.069
25.287 25.268
30.051 29.254
27.415 30.667
27.865 31.077
27.836 25.37
30.458 28.597
29.205 26.913
27.923 28.468
24.994 26.474
26.731 31.042
28.305 24.704
27.597 28.186
25.894 27.58
28.138 29.005
30.527 24.412
26.083 27.426
25.445 24.768
29.042 25.066
23.866 27.452
28.294 26.342
23.886 26.585
31.06 25.244
31.434 29
30.401 30.45
29.495 27.587
28.169 28.247
26.899 26.231
26.739 25.269
26.256 31.91
27.904 32.19
31.111 31.546
27.383 26.264
28.083 26.718
29.338 25.578
30.383 29.092
27.346 27.445
28.742 31.893
28.242 30.547
26.282 28.968
30.307 27.454
25.85 26.577
27.742 25.933
29.012 27.68
27.141 28.662
26.793 26.737
27.649 27.574
26.606 29.574
28.928 29.22
27.324 26.98
26.195 28.133
29.906 26.602
32.095 29.183
31.556 30.113
28.899 27.482
24.652 26.831
30.056 26.338
25.917 26.943
26.806 29.541
27.786 27.022
28.674 27.147
27.139 27.622
30.426 28.133
28.16 29.448
26.006 29.217
26.995 25.325
25.722 30.669
27.505 26.921
26.134 28.72
32.261 26.81
29.998 28.368
27.888 27.88
26.087 26.864
26.262 24.332
30.552 27.662
28.188 26.384
28.238 26.127
30.035 26.515
26.179 30.976
26.982 29.543
28.894 30.487
25.801 28.037
32.221 26.801
26.827 26.992
29.898 27.405
27.294 30.192
30.924 32.836
26.127 27.062
24.251 28.105
27.185 30.542
29.044 27.65
25.452 25.912
26.025 29.633
25.103 28.202
28.612 26.293
30.505 28.894
31.547 24.59
29.231 29.052
26.905 31.093
29.042 28.516
28.062 29.906
28.743 26.314
24.928 29.18
28.896 28.014
28.2 29.335
30.273 27.669
27.665 26.195
32.818 28.477
28.239 28.129
25.91 28.864
28.406 28.736
30.523 28.353
28.667 28.452
25.565 31.864
31.591 27.853
28.35 31.601
27.775 24.164
28.283 27.796
25.553 28.61
28.672 26.299
27.919 29.526
29.059 28.099
32.075 27.515
29.565 28.029
29.413 29.193
29.095 29.998
29.598 24.566
24.707 27.872
27.113 29.981
26.211 29.744
26.019 24.98
28.439 25.879
26.868 29.236
26.493 32.551
27.614 30.82
28.356 26.415
30.897 29.744
25.929 26.949
24.015 26.857
26.151 32.246
27.244 27.126
28.274 27.658
25.802 28.52
30.595 26.082
29.756 28.385
29.871 29.893
28.819 27.604
31.591 26.357
28.175 27.744
27.767 30.511
27.056 28.449
28.034 26.352
30.702 30.988
24.37 30.05
28.222 28.771
25.406 29.729
23.994 28.56
26.597 32.813
26.862 28.769
26.984 29.344
27.998 25.838
29.821 27.249
28.268 28.978
28.349 25.865
29.982 29.686
24.589 28.777
29.17 28.3
27.995 29.311
26.664 27.006
29.123 27.543
26.275 33.107
27.683 28.998
28.995 27.481
27.902 27.299
26.635 25.354
28.232 26.531
30.403 29.041
28.368 30.978
31.788 27.976
30.831 26.278
27.191 24.516
27.094 27.922
33.281 28.117
26.013 27.84
31.183 25.597
28.285 26.541
24.826 29.729
25.908 29.351
26.835 26.083
25.62 25.966
28.442 28.617
30.579 27.406
29.676 30.537
25.77 26.767
31.71 28.847
26.779 26.971
27.832 25.34
31.559 27.968
27.235 29.553
25.528 29.092
31.092 30.742
27.563 29.985
28.194 28.156
29.444 26.009
30.699 26.449
28.369 24.812
29.106 24.017
26.546 25.104
28.423 30.827
26.838 27.111
27.901 26.106
29.291 28.577
28.298 26.812
28.521 31.469
30.149 26.461
23.73 28.521
30.993 30.229
25.391 26.767
28.988 27.011
27.903 28.513
29.912 30.246
29.379 24.484
26.461 27.808
27.705 29.655
26.986 24.983
28.332 28.397
27.939 26.418
29.32 28.778
27.177 27.742
29.248 28.298
28.754 30.142
32.91 29.669
29.347 27.245
30.748 28.253
26.943 28.015
27.138 30.342
28.233 26.943
26.2 32.657
28.185 29.214
27.822 29.403
30.366 29.729
25.947 28.179
30.193 28.361
25.612 26.448
23.986 30.514
31.908 29.134
29.131 32.871
29.155 27.71
25.427 29.688
30.278 30.499
28.146 26.753
28.313 28.097
27.152 27.845
27.756 29.469
27.605 29.434
27.487 31.641
26.122 29.243
27.422 24.873
25.8 27.973
28.756 30.332
28.777 29.003
27.709 26.3
26.855 28.614
31.421 29.513
26.453 26.818
28.74 29.282
25.509 26.289
25.876 26.545
27.774 32.088
24.231 26.757
25.654 26.707
29.228 28.108
33.165 28.476
28.937 29.519
26.989 28.13
30.968 28.575
28.543 27.74
26.844 29.89
27.571 28.586
26.943 25.465
31.88 30.291
29.184 28.594
26.58 25.115
25.506 25.795
27.476 24.416
25.941 28.1
29.566 26.138
29.084 29.593
26.184 27.371
27.983 27.681
26.513 31.143
29.104 29.227
26.637 27.727
31.091 27.098
28.165 28.578
30.131 30.471
27.298 30.117
30.574 28.824
31.012 25.715
25.767 27.049
27.915 27.896
32.888 30.121
28.547 27.381
27.572 30.259
