  -9.8000000e-01  -2.8666667e+00  -2.5837852e+01
   7.1000000e-01  -3.8666667e+00   3.2744390e+01
   1.1500000e+00   7.6666667e-01  -4.9667484e-02
   1.8900000e+00   2.3000000e+00   3.3483315e+01
   1.2400000e+00   4.5666667e+00   7.7307455e+01
  -1.0000000e-02  -4.0666667e+00   2.9350006e-01
   1.6200000e+00   1.0000000e-01   1.3918588e+00
   1.8200000e+00  -1.6666667e+00   1.7164233e+01
   2.0000000e-02   1.8666667e+00   1.6236050e+00
   3.7000000e-01   2.6666667e-01  -4.6826904e-01
   1.3400000e+00   6.0000000e-01   3.5200249e+00
   4.4000000e-01  -1.4333333e+00   1.0938017e+00
  -5.0000000e-02  -3.3666667e+00  -1.7264589e+00
  -3.6000000e-01  -3.4333333e+00  -1.2007182e+01
  -8.1000000e-01   4.0333333e+00  -4.3660229e+01
   8.7000000e-01  -4.3333333e-01   1.0247632e+00
   1.5900000e+00   3.1333333e+00   4.8563319e+01
   1.6200000e+00   3.0666667e+00   4.7048859e+01
  -3.0000000e-01   2.9000000e+00  -7.7288759e+00
   1.6700000e+00  -3.5000000e+00   6.2260156e+01
   8.3000000e-01  -1.8333333e+00   9.4102892e+00
  -3.4000000e-01   2.0666667e+00  -3.9097790e+00
   1.1700000e+00   1.5000000e+00   6.1240426e+00
   1.2200000e+00   2.1333333e+00   1.5906304e+01
  -6.7000000e-01   3.7333333e+00  -3.0524810e+01
  -4.6000000e-01   2.3666667e+00  -6.4126379e+00
   9.1000000e-01   4.0000000e+00   4.3521363e+01
   8.0000000e-01   4.7333333e+00   5.5021151e+01
   1.4500000e+00  -3.6333333e+00   6.0549276e+01
   1.6300000e+00   1.9000000e+00   1.8881399e+01
   1.3100000e+00  -2.6666667e-01   1.7200497e+00
   6.1000000e-01  -2.3333333e-01  -5.4809178e-01
  -3.0000000e-01   1.4666667e+00  -2.0958759e+00
   5.5000000e-01  -6.6666667e-01  -7.6689799e-01
   4.4000000e-01  -2.9000000e+00   9.4831351e+00
   1.9200000e+00   3.9666667e+00   9.4755007e+01
   1.4400000e+00  -1.5666667e+00   1.3727159e+01
   1.2000000e+00   5.0000000e-01  -2.9722987e-01
  -4.6000000e-01  -2.3000000e+00  -5.9833046e+00
   1.1300000e+00   4.0333333e+00   5.2841453e+01
  -1.0000000e-01  -8.3333333e-01  -1.0605023e+00
  -9.8000000e-01   3.8666667e+00  -4.5633852e+01
   1.3400000e+00   3.8000000e+00   6.0121625e+01
   5.2000000e-01  -1.9333333e+00   4.0762761e+00
   1.3200000e+00   5.6666667e-01   2.9345104e+00
  -1.8000000e-01   4.9666667e+00  -1.4667804e+01
   9.6000000e-01   3.2000000e+00   2.8371929e+01
  -5.2000000e-01  -1.6666667e-01   7.4206782e-01
   8.1000000e-01   2.7666667e+00   1.9798905e+01
   1.0600000e+00  -2.7333333e+00   2.1308421e+01
   7.8000000e-01   2.9000000e+00   2.0977843e+01
   9.0000000e-02  -6.6666667e-01   2.7202305e+00
   1.5100000e+00  -2.6000000e+00   3.3393204e+01
   1.2200000e+00   9.0000000e-01   2.2138371e+00
  -2.3000000e-01  -3.2000000e+00  -8.1385484e+00
   1.9000000e-01   1.0000000e-01   2.8422964e+00
  -4.0000000e-01   2.6666667e+00  -7.3811379e+00
   2.2000000e-01  -2.1000000e+00   5.4210552e+00
   1.4200000e+00  -9.6666667e-01   7.0460721e+00
   5.8000000e-01   4.6666667e-01  -7.3838151e-01
   1.9400000e+00   3.7666667e+00   8.7080422e+01
   2.8000000e-01   2.3333333e+00   6.0073358e+00
   1.2400000e+00  -3.3333333e-01   1.4225493e-01
   5.6000000e-01   8.0000000e-01  -3.0980303e-01
   1.0000000e-02  -1.3000000e+00   1.2596667e+00
   1.6000000e+00  -5.0000000e-01   2.7970597e+00
  -2.0000000e-02   4.0000000e+00  -3.8013636e-01
  -1.0000000e-01   3.3333333e-01  -8.8550232e-01
   5.8000000e-01  -1.9666667e+00   5.6126185e+00
   8.3000000e-01   4.6666667e-01   1.5833892e+00
   5.2000000e-01  -1.1666667e+00   3.6867614e-01
   1.3700000e+00   3.3000000e+00   4.7336932e+01
   1.5000000e+00   6.6666667e-01   4.8664716e+00
   4.7000000e-01   1.8333333e+00   2.9226270e+00
   6.6000000e-01  -1.9333333e+00   7.5930664e+00
   1.3300000e+00  -1.6000000e+00   1.2088589e+01
   0.0000000e+00   1.9666667e+00   1.0000000e+00
   1.3500000e+00   3.4333333e+00   4.9997860e+01
   8.2000000e-01   3.3000000e+00   2.7918015e+01
   1.5200000e+00  -1.3666667e+00   1.1179818e+01
   1.7300000e+00   4.8666667e+00   1.2377912e+02
   1.0100000e+00   2.2666667e+00   1.3610846e+01
   2.1000000e-01   1.2666667e+00   3.6486447e+00
   1.9800000e+00  -1.5000000e+00   1.8476545e+01
   4.8000000e-01   2.9666667e+00   1.0830377e+01
   1.3200000e+00  -1.5000000e+00   1.0572910e+01
   1.6100000e+00   2.4666667e+00   3.0854563e+01
   9.6000000e-01  -1.7333333e+00   7.5335290e+00
   1.3100000e+00   2.7000000e+00   3.0090283e+01
   1.5500000e+00  -1.5666667e+00   1.3700324e+01
   6.0000000e-02   4.4333333e+00   5.7019277e+00
   4.3000000e-01   4.3000000e+00   2.2338443e+01
   1.6200000e+00  -3.3666667e+00   5.6428659e+01
   7.1000000e-01  -2.8666667e+00   1.8402390e+01
   4.2000000e-01   6.3333333e-01  -8.8582010e-01
   3.7000000e-01   2.8666667e+00   8.5745310e+00
   1.7800000e+00   2.6666667e-01   1.7116882e+00
   7.7000000e-01   2.9666667e+00   2.1624848e+01
   1.4100000e+00   2.2000000e+00   2.3479858e+01
   1.9900000e+00   1.6333333e+00   2.1146697e+01
   3.4000000e-01   4.9333333e+00   2.4916097e+01
   2.5000000e-01   2.7333333e+00   7.6334768e+00
   1.2600000e+00   4.8000000e+00   8.7317397e+01
   1.8000000e+00   4.4333333e+00   1.0777202e+02
   5.4000000e-01   2.5333333e+00   8.7957110e+00
   5.4000000e-01   2.1333333e+00   5.7717110e+00
   1.0800000e+00   1.1666667e+00   1.8954607e+00
   5.0000000e-01  -2.8666667e+00   1.0489416e+01
   1.6000000e-01  -1.1666667e+00   3.6365532e+00
   8.0000000e-01   9.0000000e-01   3.1944847e+00
   1.6500000e+00   4.6000000e+00   1.0577354e+02
   1.8400000e+00  -1.5000000e+00   1.4818654e+01
   3.1000000e-01   1.0666667e+00   1.8281428e+00
   2.9000000e-01  -6.6666667e-02   1.2215080e+00
   8.2000000e-01   4.6000000e+00   5.3182215e+01
   1.8100000e+00   4.8666667e+00   1.3041834e+02
   5.1000000e-01   5.0000000e-01  -1.4227480e+00
   4.6000000e-01   9.6666667e-01  -4.8043906e-01
   7.1000000e-01  -1.8333333e+00   8.0576904e+00
   6.2000000e-01   3.5000000e+00   2.2304682e+01
   1.2500000e+00   4.5333333e+00   7.7043032e+01
   8.9000000e-01   2.5000000e+00   1.6892603e+01
  -6.7000000e-01   4.6666667e+00  -4.6283210e+01
   2.6000000e-01   2.1666667e+00   5.5037579e+00
   2.2000000e-01   2.0666667e+00   5.3293886e+00
   1.7100000e+00  -3.6666667e-01   1.4845470e+00
   1.3400000e+00   4.2333333e+00   7.4115692e+01
   7.5000000e-01  -7.3333333e-01   2.4405543e+00
   1.6100000e+00   4.6000000e+00   1.0366950e+02
   1.7000000e+00   7.6666667e-01   3.7892902e+00
   2.8000000e-01   3.8333333e+00   1.3777336e+01
   1.9000000e+00   1.8666667e+00   2.3567781e+01
   1.0300000e+00   2.4000000e+00   1.5592912e+01
   1.4600000e+00  -6.6666667e-02   3.1258617e+00
   1.7200000e+00   3.7333333e+00   7.2735455e+01
   3.9000000e-01   4.3333333e-01  -7.0625407e-01
   1.1700000e+00   2.3666667e+00   1.7886443e+01
   1.7400000e+00   3.1666667e+00   5.3260867e+01
   9.0000000e-01   9.6666667e-01   2.5496217e+00
   1.8000000e+00   1.2333333e+00   9.8520173e+00
   3.9000000e-01   6.6666667e-02  -9.2075407e-01
   1.7900000e+00   1.5333333e+00   1.4103108e+01
   1.2200000e+00  -2.6666667e-01  -4.9049621e-01
   1.1300000e+00   2.7666667e+00   2.3642253e+01
   8.7000000e-01   3.0666667e+00   2.5080263e+01
   1.9000000e-01   1.9000000e+00   4.8942964e+00
   1.0200000e+00   3.6000000e+00   3.7568788e+01
   1.6000000e+00  -2.6000000e+00   3.4045060e+01
   0.0000000e+00   4.0000000e-01   1.0000000e+00
   1.3600000e+00   3.8000000e+00   6.1341680e+01
   1.3200000e+00  -1.8333333e+00   1.4972910e+01
   9.3000000e-01  -2.3333333e-01  -3.9003296e-01
   1.8700000e+00   9.6666667e-01   8.2897200e+00
   1.4400000e+00   4.1000000e+00   7.5743159e+01
   1.5800000e+00   1.2000000e+00   8.6967896e+00
   1.2300000e+00   1.8000000e+00   1.1441484e+01
   1.2900000e+00   4.8333333e+00   9.1377221e+01
   3.1000000e-01   7.6666667e-01   1.3166428e+00
   6.4000000e-01   7.3333333e-01   8.9181267e-01
   2.8000000e-01   1.5000000e+00   3.3240025e+00
   1.4700000e+00  -1.6000000e+00   1.4360164e+01
   7.6000000e-01   3.0333333e+00   2.2250060e+01
   1.6400000e+00  -1.6666667e+00   1.4790742e+01
   8.4000000e-01   1.6000000e+00   7.3881236e+00
   1.5000000e+00   7.0000000e-01   5.0714716e+00
   5.0000000e-01   3.3333333e+00   1.4829416e+01
   1.5100000e+00   4.2333333e+00   8.3953037e+01
   1.9800000e+00   1.5333333e+00   1.9077145e+01
   1.8500000e+00   2.6333333e+00   4.1096674e+01
   9.7000000e-01  -6.6666667e-02  -1.2914335e+00
   2.6000000e-01   2.1000000e+00   5.2818912e+00
  -1.8000000e-01   8.6666667e-01  -1.7528043e+00
   8.6000000e-01   2.6000000e+00   1.8123271e+01
   1.0600000e+00   1.1333333e+00   1.6348211e+00
   1.1200000e+00  -2.1000000e+00   1.2427219e+01
   1.0000000e+00   1.3000000e+00   3.2595906e+00
   1.2500000e+00  -2.3333333e-01   1.8053239e-01
   3.1000000e-01  -1.5666667e+00   3.0526428e+00
   1.9300000e+00   2.4000000e+00   3.7671821e+01
   1.3900000e+00   6.3333333e-01   4.5033166e+00
   1.5700000e+00   2.4333333e+00   2.9899580e+01
  -3.6000000e-01   1.6666667e+00  -2.2763823e+00
   1.5500000e+00  -6.6666667e-01   4.3538235e+00
   7.7000000e-01   2.8333333e+00   1.9838448e+01
   1.2400000e+00   4.5000000e+00   7.5058922e+01
   4.4000000e-01   7.6666667e-01  -8.4219826e-01
   1.9200000e+00   4.0000000e+00   9.6284607e+01
   1.9600000e+00   2.3666667e+00   3.7775337e+01
   1.0300000e+00  -1.3666667e+00   3.5659450e+00
   1.2800000e+00   3.8000000e+00   5.6174490e+01
   1.3000000e+00   3.2666667e+00   4.2826250e+01
   6.1000000e-01   3.3666667e+00   2.0094308e+01
   1.6300000e+00   5.0000000e-01   2.4509988e+00
   1.9800000e+00   3.6666667e+00   8.4971545e+01
   1.3300000e+00  -7.3333333e-01   4.0199219e+00
   1.5300000e+00   3.0666667e+00   4.5711555e+01
   1.6800000e+00  -2.6000000e+00   3.4909117e+01
   9.0000000e-01   2.7333333e+00   2.0198622e+01
   1.8600000e+00   6.0000000e-01   4.8362309e+00
   8.3000000e-01   2.4333333e+00   1.5784689e+01
   5.0000000e-01   2.8000000e+00   9.9227491e+00
   4.4000000e-01   2.0000000e+00   3.6619351e+00
   1.7300000e+00   4.5333333e+00   1.0751712e+02
   9.0000000e-02   4.6666667e+00   8.4802305e+00
   1.9700000e+00   3.9000000e+00   9.4875807e+01
   1.3100000e+00   3.7333333e+00   5.6216050e+01
   3.9000000e-01   2.4000000e+00   5.8132459e+00
   5.6000000e-01   2.3333333e+00   7.7616636e+00
  -9.8000000e-01   3.2666667e+00  -3.3050652e+01
   1.9700000e+00  -3.5000000e+00   7.7382207e+01
   1.2100000e+00   2.0333333e+00   1.4028946e+01
   1.7600000e+00   2.5666667e+00   3.5872425e+01
   2.6000000e-01   1.0000000e-01   1.8498912e+00
   1.7500000e+00   2.8333333e+00   4.3139195e+01
   1.2700000e+00   3.4000000e+00   4.4519981e+01
   1.6300000e+00   3.1333333e+00   4.9237432e+01
   1.5400000e+00  -1.1666667e+00   8.7076844e+00
   4.6000000e-01   2.2333333e+00   5.1131609e+00
   1.1700000e+00   4.0333333e+00   5.5326443e+01
   1.4800000e+00   2.1666667e+00   2.3861209e+01
   8.3000000e-01   4.2333333e+00   4.5664689e+01
  -1.0000000e-02   3.6000000e+00   4.0083339e-01
   1.3900000e+00   4.7333333e+00   9.6257217e+01
   1.8500000e+00   2.0666667e+00   2.6315174e+01
   1.4300000e+00  -1.8333333e+00   1.7523548e+01
   1.9100000e+00   2.5333333e+00   4.0692839e+01
   1.9000000e-01   3.5333333e+00   9.9527297e+00
   1.5300000e+00   4.9000000e+00   1.1275105e+02
   1.6900000e+00   3.5666667e+00   6.5302479e+01
   8.4000000e-01   3.2333333e+00   2.7282124e+01
   1.4900000e+00   2.9333333e+00   4.1411295e+01
   1.7600000e+00  -4.0666667e+00   8.8408425e+01
  -5.2000000e-01   4.3666667e+00  -2.8960332e+01
   7.8000000e-01   5.0000000e-01   1.8834433e+00
   1.3700000e+00   3.3666667e+00   4.9163599e+01
   1.8900000e+00   3.7666667e+00   8.3933715e+01
   1.4200000e+00   4.1666667e+00   7.7023672e+01
   1.6600000e+00   5.6666667e-01   2.5514372e+00
  -1.0000000e-01  -8.3333333e-01  -1.0605023e+00
   1.6000000e-01   3.4333333e+00   8.6413532e+00
  -5.0000000e-02  -9.6666667e-01  -1.6645892e-01
   1.9700000e+00   4.3333333e+00   1.1596137e+02
  -1.0000000e-01  -3.3333333e-01  -8.8550232e-01
   1.6200000e+00   3.0333333e+00   4.6060659e+01
   4.2000000e-01   3.6666667e+00   1.5548780e+01
   1.0600000e+00   3.6333333e+00   3.9529821e+01
   1.2000000e+00  -1.4333333e+00   6.1987701e+00
   4.3000000e-01   2.0000000e+00   3.6463432e+00
   9.6000000e-01   1.4666667e+00   5.0759290e+00
   1.7700000e+00   1.2666667e+00   9.7216779e+00
   1.3100000e+00   2.9666667e+00   3.6028950e+01
   1.2100000e+00   4.7666667e+00   8.1498546e+01
   1.7900000e+00  -9.6666667e-01   6.4956079e+00
   1.4800000e+00   4.6666667e-01   3.9848094e+00
   1.5900000e+00   1.1666667e+00   8.2250193e+00
   1.0300000e+00   1.2000000e+00   2.2441117e+00
   7.5000000e-01   4.4666667e+00   4.6120554e+01
   8.2000000e-01   1.9666667e+00   1.0643348e+01
   6.6000000e-01  -4.3333333e-01   5.6406638e-01
   1.0100000e+00  -3.4333333e+00   3.3760346e+01
   1.4600000e+00  -1.9333333e+00   1.9477862e+01
   1.3600000e+00   1.6666667e+00   1.3759813e+01
   2.9000000e-01   2.3000000e+00   5.8199413e+00
   1.8200000e+00   1.0666667e+00   8.2098328e+00
  -3.0000000e-01   4.2000000e+00  -1.6035876e+01
   4.7000000e-01   2.9000000e+00   1.0041560e+01
   1.5400000e+00   2.6666667e-01   2.7478844e+00
  -8.1000000e-01   4.5333333e+00  -5.4068729e+01
   1.2700000e+00   4.7000000e+00   8.4639281e+01
   1.1200000e+00   3.2000000e+00   3.2016019e+01
   5.6000000e-01   1.6666667e+00   3.2816636e+00
   9.1000000e-01   4.0666667e+00   4.4989496e+01
   4.8000000e-01   4.7000000e+00   2.9966377e+01
   1.4500000e+00   3.3333333e-01   3.6077765e+00
   1.1700000e+00   1.8000000e+00   9.5989426e+00
   1.4400000e+00   4.4000000e+00   8.6759159e+01
   1.8400000e+00   2.6666667e+00   4.1651987e+01
  -4.0000000e-01   3.0333333e+00  -9.8891379e+00
   1.8300000e+00   1.8666667e+00   2.1323345e+01
   1.8800000e+00   1.5000000e+00   1.5958687e+01
   1.9500000e+00   1.8333333e+00   2.4343738e+01
   2.2000000e-01   2.7333333e+00   7.4413886e+00
  -4.6000000e-01   3.3000000e+00  -1.3711305e+01
   2.8000000e-01   3.2666667e+00   1.0397736e+01
  -3.4000000e-01   4.8333333e+00  -2.3381579e+01
   1.8600000e+00   3.9666667e+00   9.0625631e+01
   1.4700000e+00   1.8666667e+00   1.8436964e+01
   7.5000000e-01   1.1666667e+00   4.2930543e+00
   1.8100000e+00  -3.8666667e+00   8.2996335e+01
   2.0000000e-02   2.7000000e+00   1.8519383e+00
   1.5200000e+00   2.7000000e+00   3.5905152e+01
   1.3300000e+00   2.4666667e+00   2.6151122e+01
   8.6000000e-01   1.3000000e+00   5.0426714e+00
   5.8000000e-01   4.6666667e+00   3.6776018e+01
  -5.0000000e-02   1.6333333e+00  -4.2645892e-01
   9.7000000e-01   1.8000000e+00   8.1240332e+00
   7.1000000e-01   3.5000000e+00   2.6991024e+01
   5.4000000e-01   4.5666667e+00   3.2183111e+01
   1.7800000e+00  -2.3000000e+00   2.9580555e+01
   1.6500000e+00  -5.0000000e-01   2.2690370e+00
   2.0000000e+00   5.0000000e+00   1.5530917e+02
