  -7.0000000e-01  -1.4097332e+01
  -1.7000000e+00  -2.2310733e+01
  -1.4000000e+00  -2.0532708e+01
  -4.4000000e+00  -6.7437044e+00
   0.0000000e+00  -1.5947811e+00
  -1.3000000e+00  -2.1991820e+01
   4.4000000e+00   8.5836269e+00
   1.9000000e+00   2.2996375e+01
   3.4000000e+00   1.3009241e+01
  -4.9000000e+00  -9.7064524e+00
  -3.7000000e+00  -1.2839124e+01
  -2.4000000e+00  -2.3507186e+01
  -2.6000000e+00  -1.9784675e+01
  -3.1000000e+00  -1.6608186e+01
   4.8000000e+00   8.5326705e+00
  -2.0000000e-01  -4.0648423e+00
   1.3000000e+00   2.0393769e+01
  -1.0000000e+00  -1.7041146e+01
   1.2000000e+00   1.9196582e+01
  -2.8000000e+00  -2.0080434e+01
   2.7000000e+00   2.0373088e+01
  -4.5000000e+00  -5.6009141e+00
  -1.9000000e+00  -2.3659292e+01
   2.4000000e+00   2.2290557e+01
  -9.0000000e-01  -1.6194932e+01
   3.2000000e+00   1.4258040e+01
   2.0000000e-01   3.2827375e+00
   1.0000000e-01   2.5069284e+00
  -4.2000000e+00  -9.6463266e+00
   5.0000000e-01   8.8812918e+00
   1.8000000e+00   2.4558074e+01
  -4.7000000e+00  -7.0772866e+00
   3.7000000e+00   1.0691023e+01
   2.2000000e+00   2.2416670e+01
   4.6000000e+00   6.5949244e+00
   6.0000000e-01   1.2718162e+01
  -2.0000000e+00  -2.2924398e+01
   4.7000000e+00   8.6251798e+00
  -3.5000000e+00  -1.2479203e+01
   3.9000000e+00   7.2317860e+00
  -1.6000000e+00  -2.2365889e+01
   2.1000000e+00   2.4605165e+01
  -4.8000000e+00  -8.8287532e+00
  -2.7000000e+00  -2.1142966e+01
   3.5000000e+00   1.3058522e+01
   3.8000000e+00   1.0597928e+01
   2.9000000e+00   1.9935321e+01
  -3.0000000e-01  -4.5790293e+00
  -4.1000000e+00  -9.1793634e+00
   1.0000000e+00   1.8223426e+01
   1.6000000e+00   2.3054262e+01
   2.3000000e+00   2.1621178e+01
  -1.8000000e+00  -2.3307481e+01
   1.1000000e+00   1.9364218e+01
  -4.0000000e+00  -1.0295385e+01
   3.3000000e+00   1.4057341e+01
   4.3000000e+00   6.4447092e+00
   1.4000000e+00   2.2108522e+01
   4.2000000e+00   7.7162140e+00
   7.0000000e-01   1.3074560e+01
  -2.3000000e+00  -2.4803823e+01
   2.8000000e+00   1.7785765e+01
   4.5000000e+00   7.3252841e+00
   4.9000000e+00   1.1066740e+01
  -3.8000000e+00  -9.0214807e+00
  -3.3000000e+00  -1.5749840e+01
  -2.9000000e+00  -1.9182953e+01
  -3.6000000e+00  -1.3145099e+01
   9.0000000e-01   1.5975817e+01
  -2.1000000e+00  -2.3585831e+01
   2.0000000e+00   2.3321253e+01
  -4.0000000e-01  -9.0390921e+00
   1.7000000e+00   2.3449428e+01
   4.0000000e+00   8.2349432e+00
   2.6000000e+00   2.0905877e+01
  -3.9000000e+00  -9.3805791e+00
  -4.3000000e+00  -8.7331854e+00
  -1.5000000e+00  -2.1291750e+01
  -6.0000000e-01  -1.0953945e+01
  -2.2000000e+00  -2.3118377e+01
  -4.6000000e+00  -8.4754514e+00
  -3.4000000e+00  -1.2117272e+01
   1.5000000e+00   2.1772515e+01
  -1.2000000e+00  -2.1042103e+01
  -5.0000000e-01  -9.6386604e+00
   3.0000000e+00   1.7811826e+01
  -1.1000000e+00  -1.8127618e+01
   3.0000000e-01   5.8167640e+00
   2.5000000e+00   1.9654332e+01
  -5.0000000e+00  -1.0950669e+01
  -8.0000000e-01  -1.3777136e+01
   3.1000000e+00   1.5104103e+01
  -3.0000000e+00  -1.9405439e+01
   4.0000000e-01   8.1869260e+00
   8.0000000e-01   1.5619309e+01
  -2.5000000e+00  -2.0281882e+01
   4.1000000e+00   9.0748867e+00
   5.0000000e+00   1.1448540e+01
  -3.2000000e+00  -1.6509070e+01
  -1.0000000e-01  -2.1120929e+00
