0 1.0 2.3199275259e-18 6.07788777288e-37
0 1.0 3.04295653281e-18 3.04635335732e-37
0 1.0 5.28809686675e-23 5.85793459689e-27
0 1.0 6.20431110024e-31 1.94067051216e-58
0 1.0 4.71721298136e-26 2.60936379296e-60
0 1.0 5.63051140071e-20 5.46810921602e-52
0 0.999253229147 0.000746770852605 3.55921590522e-21
0 1.0 3.24982557643e-13 1.71266795363e-36
0 1.0 3.03559515942e-40 3.69718947327e-42
0 1.0 1.74222903226e-43 2.62024950009e-50
0 1.0 5.78680831872e-15 1.72968409214e-31
0 0.999999120055 8.79945352079e-07 2.72225657181e-43
0 1.0 4.10225119176e-25 2.22530604039e-41
0 1.0 3.97333325967e-13 6.46549277545e-35
0 0.999999986865 1.31346735569e-08 3.8416109847e-34
0 1.0 2.68176965436e-15 1.48394853153e-53
0 1.0 3.05050719147e-13 1.75364613427e-41
1 2.52953367779e-24 1.0 2.37596758174e-40
1 2.38954122163e-07 0.999999757637 3.40849749206e-09
1 1.00271439505e-33 1.0 1.35480154086e-50
1 1.07227467262e-15 1.0 3.14150627838e-61
1 8.20671311269e-10 0.999999999179 2.67923444021e-52
1 3.43448024124e-49 1.0 3.66927048482e-80
1 2.71183623269e-25 1.0 3.10041693527e-71
1 1.89352696845e-11 0.999999999981 7.81652295194e-38
1 8.82364496761e-11 0.999999999912 2.42609903845e-21
1 5.37208127847e-26 1.0 5.11095776018e-28
1 1.85980130677e-42 1.0 2.84431613072e-52
1 7.82382371219e-55 1.0 1.11716026259e-68
1 6.14006512122e-51 1.0 3.16258845472e-81
1 7.11091195056e-25 1.0 2.7160809181e-55
1 0.997093797029 0.00290620297123 1.24749484069e-24
1 1.60779746775e-22 1.0 5.24418445516e-60
1 4.25199679769e-28 1.0 8.33011155129e-75
2 1.22918106474e-98 1.06437153724e-122 1.0
2 6.03484659415e-112 2.15033075912e-119 1.0
2 5.41750127653e-78 4.4659845393e-129 1.0
2 5.64362431458e-59 1.03333993246e-80 1.0
2 4.07518797491e-86 2.22826267977e-78 1.0
2 4.74148288735e-69 2.63713535147e-73 1.0
2 1.07238919804e-75 2.93655066674e-91 1.0
2 1.04938365681e-134 2.79404383919e-155 1.0
2 1.09956705502e-99 4.47921070657e-105 1.0
2 1.14354388312e-113 3.01558417229e-121 1.0
2 3.98601968189e-68 3.83777243856e-87 1.0
2 3.13936668535e-58 1.07119479571e-61 1.0
2 4.99415240489e-62 3.01260012047e-80 1.0
2 2.8584585835e-103 2.05896734797e-108 1.0
2 5.05166376751e-73 1.75339460853e-83 1.0
2 1.72765608355e-110 6.37224005759e-136 1.0
2 3.1478441163e-126 3.41858478535e-132 1.0
