0 1.0 4.55908587755e-19 2.56656245142e-42
0 1.0 5.09030444939e-24 1.22064258911e-48
0 1.0 1.18714921198e-37 9.92656081e-33
0 1.0 4.5585861772e-32 2.10027324674e-56
0 1.0 6.70815612953e-45 1.11911635517e-71
0 1.0 6.27309359237e-22 2.00183257867e-49
0 0.999999741925 2.58075493126e-07 4.16178472826e-17
0 1.0 1.90605914809e-24 1.21754816083e-51
0 1.0 9.93597896206e-36 4.0987963167e-54
0 1.0 6.74327992401e-30 8.47977018336e-61
0 1.0 3.66185580089e-22 4.16136350247e-44
0 0.999999999993 7.1172278899e-12 1.37144065117e-43
0 1.0 8.4422009138e-31 9.14078176354e-37
0 1.0 6.29689630144e-16 3.66021807265e-39
0 0.999999999973 2.68970495732e-11 9.77991359899e-45
0 1.0 4.4361416449e-21 4.7525628548e-55
0 1.0 2.69689478034e-20 1.17611356809e-39
1 3.7278968062e-10 0.999999999627 2.81293667246e-38
1 2.00611098752e-14 1.0 4.95194799536e-15
1 1.37404149602e-23 1.0 1.2585277296e-37
1 3.35619210792e-39 1.0 1.84520432533e-54
1 4.72869917945e-37 1.0 1.47173510073e-64
1 3.50992752069e-54 1.0 2.14123396251e-69
1 9.00635454521e-58 1.0 5.95343637311e-70
1 8.63168298609e-11 0.999999999914 4.16816645696e-35
1 3.14207235893e-05 0.999968579276 1.3983851461e-16
1 1.95662769065e-38 1.0 6.67505521979e-28
1 1.43988058465e-43 1.0 6.06922572384e-51
1 1.08962070006e-92 1.0 8.70327667244e-61
1 3.08121492907e-98 1.0 1.987549757e-87
1 2.93186302244e-37 1.0 1.09371456767e-54
1 2.3235623928e-07 0.999999767644 2.8973440452e-27
1 4.67840766322e-29 1.0 4.31474140002e-65
1 3.01639341097e-36 1.0 6.10532512275e-84
2 2.69225137916e-108 7.47268484973e-118 1.0
2 4.24162746348e-111 2.37705421968e-116 1.0
2 2.05655485899e-118 3.87324888482e-101 1.0
2 3.71954621084e-54 4.40716822032e-79 1.0
2 5.16456179073e-80 1.61359030035e-76 1.0
2 1.58169505976e-88 1.69803521757e-76 1.0
2 2.24746803703e-80 1.46320458664e-78 1.0
2 2.6499659431e-138 6.01118593303e-133 1.0
2 5.88623340272e-107 2.30003216536e-99 1.0
2 8.23004406994e-121 6.03420970468e-117 1.0
2 3.0000294913e-66 2.81157134514e-85 1.0
2 1.12027074332e-69 1.08688192448e-60 1.0
2 9.65502417814e-76 3.07679942547e-75 1.0
2 1.96265834834e-115 1.53907223748e-96 1.0
2 6.68572771176e-82 4.83280220369e-93 1.0
2 5.19597397813e-128 1.50055522628e-133 1.0
2 6.84133937902e-123 1.0770949451e-144 1.0
