1 1.0 6.03120279192e-17 2.38505091531e-38
1 1.0 6.37858454561e-17 1.71424931088e-29
1 0.999999999775 4.38104837724e-21 2.25429713913e-10
1 1.0 5.26748186358e-30 3.27307188155e-32
1 1.0 1.37091062014e-23 2.11794560416e-52
1 1.0 4.58952716802e-15 1.0381705406e-23
1 0.0350264817666 0.964971589521 1.92871280567e-06
1 0.999999953369 4.66311646171e-08 2.98933213947e-24
1 1.0 1.41006285704e-25 2.44973301985e-41
1 1.0 6.46636430395e-25 1.53801073587e-35
1 1.0 1.26959546704e-20 1.04721917798e-31
1 0.999999984816 1.51842672172e-08 4.48601870823e-29
1 1.0 6.151994098e-15 5.71195493082e-30
1 0.999999997221 2.77947429095e-09 8.70836892499e-21
1 0.999999978495 2.15046036646e-08 2.21360637827e-25
1 1.0 2.33289202474e-19 6.22388658489e-40
1 1.0 1.06646925574e-16 1.94070704227e-36
5 0.0122366636368 0.987763336363 3.82236098132e-14
5 0.413384641214 0.586615358785 3.00784626835e-13
5 6.54099636788e-07 0.9999993459 3.7430103286e-34
5 0.000267230975461 0.999623137809 0.000109631215852
5 2.67674387002e-13 1.0 6.81281699001e-27
5 8.67889538195e-34 1.0 8.0560284548e-40
5 1.35963306643e-26 1.0 5.31414162176e-16
5 0.999864714716 0.000135285283732 4.3200193553e-28
5 0.996245331902 0.00375466809844 1.28983837204e-21
5 3.41705420493e-15 1.0 8.19920723645e-24
5 2.1811955513e-22 1.0 1.78182294415e-37
5 2.94233291235e-26 1.0 6.57135416105e-32
5 1.0019899378e-29 1.0 2.30419421146e-32
5 2.18607187486e-19 1.0 7.27450676429e-28
5 0.999999881661 1.18069079067e-07 2.69622926821e-10
5 0.0343890778074 0.965610922193 5.36310311552e-18
5 4.1531255005e-10 0.999999999585 4.43572085675e-20
z 8.64383064467e-51 7.98550332211e-25 1.0
z 1.35854707638e-52 8.55675805616e-44 1.0
z 6.12081084577e-61 1.93997918746e-61 1.0
z 8.32274688699e-29 1.14380537929e-16 1.0
z 3.48452929437e-45 6.83959465541e-32 1.0
z 5.62379386792e-27 0.000774107883281 0.999225892117
z 1.77458064757e-42 2.24201285625e-28 1.0
z 1.52914739777e-73 8.93685971401e-55 1.0
z 2.17950655348e-60 1.30201816907e-46 1.0
z 5.08230532876e-56 1.55890429195e-41 1.0
z 8.73414346906e-38 2.07313485198e-36 1.0
z 2.06297121751e-31 2.97094142828e-22 1.0
z 1.82312833233e-18 1.24144659722e-09 0.999999998759
z 5.12425751254e-41 2.23470547904e-19 1.0
z 5.17619602227e-36 8.02149312219e-19 1.0
z 1.91023193782e-67 5.55636400595e-58 1.0
z 2.11599184597e-59 1.50044801897e-56 1.0
