0 1.0 1.23042397161e-16 1.46028531698e-37
0 1.0 4.92103851705e-18 1.04677531376e-32
0 0.999999183297 4.3846940719e-19 8.16702513459e-07
0 1.0 2.60160003115e-31 2.80961504316e-36
0 1.0 5.42365093411e-15 7.98975696179e-43
0 1.0 5.97714944743e-17 3.09247457293e-29
0 0.876207995747 0.123792003787 4.65854619546e-10
0 0.0385311471432 0.961468852857 7.43280960373e-14
0 1.0 1.71322381325e-28 2.9017646528e-45
0 1.0 6.34578799696e-27 3.7002691151e-40
0 1.0 2.49765266317e-16 6.16697392256e-26
0 0.999999998349 1.65080940023e-09 1.87193508392e-29
0 0.999999999999 8.25325907759e-13 1.90987298279e-24
0 0.999999967854 3.21455839048e-08 5.40799207381e-22
0 0.999053686944 0.000946313056108 4.71303068473e-21
0 1.0 6.98221703259e-16 1.69507026883e-32
0 1.0 1.08846275593e-15 2.85853858569e-33
1 0.938544283605 0.0614557163953 5.49646732235e-18
1 1.94044090018e-05 0.999980595333 2.57498820319e-10
1 3.88233159938e-11 0.999999999961 6.42421115488e-36
1 7.68690670207e-18 0.999999718748 2.81251887081e-07
1 8.51813279487e-14 1.0 4.63458399566e-30
1 6.9649681874e-34 1.0 1.72732046268e-42
1 1.59678363591e-29 1.0 2.03999391506e-17
1 0.999994120344 5.87965643413e-06 9.40938480423e-32
1 0.84063955418 0.15936044582 2.18115133597e-23
1 8.4679176937e-21 1.0 9.67581193095e-25
1 8.82680501611e-27 1.0 5.14696583021e-40
1 1.39835831098e-33 1.0 4.99901665556e-38
1 2.07937603261e-36 1.0 5.82989331249e-41
1 1.3543099733e-21 1.0 6.10010580236e-33
1 0.999999860052 1.39947592933e-07 6.80460507066e-13
1 1.23833060699e-15 1.0 1.29621040181e-23
1 3.62104346664e-15 1.0 3.3477579701e-21
2 6.06595440856e-61 1.09878185753e-26 1.0
2 4.72963967067e-51 2.20945968229e-44 1.0
2 7.79898003897e-53 1.00913570523e-60 1.0
2 2.2368097959e-36 6.21332237163e-20 1.0
2 1.16359745252e-59 1.40958385002e-33 1.0
2 1.88167243829e-30 0.0376517370656 0.962348262934
2 2.07676480897e-39 5.35912221807e-27 1.0
2 2.16330127391e-78 2.09877448657e-57 1.0
2 1.66737799236e-62 3.67759424303e-50 1.0
2 4.03407654655e-56 9.40432777644e-43 1.0
2 2.35228539089e-40 5.55697732907e-36 1.0
2 4.36691582962e-36 5.27534040176e-24 1.0
2 4.22646567004e-16 1.48661648705e-06 0.999998513384
2 2.07563645779e-50 6.19476780725e-20 1.0
2 2.67734160575e-39 2.11050688455e-17 1.0
2 6.3341130477e-70 1.22029992477e-60 1.0
2 1.86549369417e-71 4.08340019535e-58 1.0
