0 1.0 8.52869122292e-31 9.689404349e-85
0 1.0 5.65089424513e-33 1.45129217145e-70
0 1.0 4.20442540604e-31 3.56504942386e-55
0 1.0 4.16522382148e-36 2.30082313143e-83
0 1.0 2.04007795283e-41 1.61321240469e-79
0 1.0 5.41134219258e-27 1.95297872706e-78
0 0.999465158302 0.000534841698493 1.13524262925e-28
0 1.0 6.7702921858e-30 8.11752997526e-65
0 1.0 1.18503381635e-56 8.15744792145e-58
0 1.0 2.06455361007e-46 1.00874799956e-73
0 1.0 8.52175987963e-32 1.32281831168e-63
0 1.0 9.93470554453e-18 1.57097829801e-67
0 1.0 1.86881998093e-26 2.9943128427e-66
0 1.0 5.25331336319e-23 4.68450566051e-63
0 0.999999999617 3.8299520071e-10 2.87372067413e-66
0 1.0 1.31378106206e-26 1.97670900654e-85
0 1.0 1.4393823037e-26 6.20359002283e-72
1 4.66055465087e-31 1.0 1.75760504953e-70
1 7.38179867445e-12 0.999999999993 2.20622610893e-21
1 3.48485896598e-39 1.0 9.06922089513e-62
1 8.77738821845e-55 1.0 1.06898394662e-73
1 7.96153508938e-25 1.0 1.32741760983e-79
1 4.19606047311e-84 1.0 6.62304041716e-71
1 1.68148608962e-49 1.0 6.96033066785e-91
1 0.999999999784 2.15727779233e-10 4.14265596296e-45
1 9.40293360542e-12 0.999999999991 3.95962464085e-43
1 1.14573090826e-24 1.0 2.80748227032e-74
1 7.06172437696e-67 1.0 1.12733564491e-69
1 1.97978643111e-94 1.0 8.39739280004e-99
1 1.02302123443e-109 1.0 1.29065857742e-137
1 1.54537973659e-50 1.0 1.33759462318e-63
1 2.03663073215e-21 1.0 7.04665326425e-30
1 6.17211081668e-24 1.0 1.72888587711e-76
1 2.16164706012e-22 1.0 7.05545769226e-80
2 6.66366069429e-102 3.62655444486e-115 1.0
2 9.05901142291e-109 4.03188982361e-132 1.0
2 7.41146464054e-159 5.80503982596e-138 1.0
2 5.13014594159e-93 5.53111648109e-102 1.0
2 2.91829528808e-74 2.10206813721e-79 1.0
2 7.77064543201e-69 1.1935526682e-58 1.0
2 6.7044193566e-68 4.20018583512e-72 1.0
2 3.05857972028e-157 3.76883783297e-143 1.0
2 1.11261073377e-126 2.94252517625e-115 1.0
2 2.3570411911e-134 2.60129235919e-106 1.0
2 1.80820470028e-98 3.53177336788e-80 1.0
2 4.33930706897e-93 7.56744370835e-71 1.0
2 1.36727457918e-92 7.2541150494e-42 1.0
2 9.48494195906e-114 8.92763020712e-84 1.0
2 2.83015794661e-98 5.79831924145e-83 1.0
2 1.16596007096e-151 2.17837719924e-134 1.0
2 1.15308096096e-179 2.58776862978e-154 1.0
