0 0.999733801701 0.00026619829916 5.90187055669e-30
0 1.0 2.72115358827e-24 2.142699845e-36
0 1.0 4.04286080872e-17 3.3329877241e-22
0 1.0 8.69678073149e-29 1.53365261868e-49
0 0.999968829495 3.11705053669e-05 3.31061001319e-43
0 1.0 7.81093913332e-18 1.31705843305e-40
0 0.526434347215 0.473486698108 7.89546764151e-05
0 0.989334294425 0.0106657055755 1.40267989799e-19
0 1.0 2.45747665917e-31 1.43156273966e-56
0 1.0 2.20699603283e-25 2.38070349307e-40
0 1.0 9.02452920095e-17 3.73336063004e-33
0 0.999927146913 7.2853086846e-05 4.38894316999e-43
0 0.999999371544 6.28456258653e-07 1.82085442176e-33
0 1.0 2.8811730709e-14 2.60593593723e-27
0 0.999999999585 4.14888176852e-10 7.40981388993e-27
0 0.99999997585 2.41495162285e-08 3.43866383104e-48
0 0.998995231459 0.00100476854095 1.6074385453e-37
1 0.000425848237209 0.999574151763 4.13965675489e-24
1 0.961947596538 0.0380524034616 6.78676490286e-15
1 2.39851537726e-10 0.99999999976 2.64075873961e-36
1 1.00895745261e-05 0.999989910414 1.14846181157e-11
1 1.79219460595e-11 0.999999999982 3.00615687977e-37
1 6.35084931394e-42 1.0 2.42543030042e-53
1 4.75576564275e-28 1.0 6.98979790257e-35
1 0.99999999051 9.49018992229e-09 6.77373309321e-36
1 8.47920095778e-13 0.999999999999 5.1989282584e-23
1 2.12521328752e-22 1.0 4.2889915228e-36
1 6.82076727565e-29 1.0 8.15521395473e-49
1 1.31440833618e-40 1.0 2.88778169712e-47
1 5.41772588237e-49 1.0 2.34484756004e-79
1 1.0048157835e-27 1.0 5.20828560698e-50
1 1.0 2.90019324643e-15 6.52695946845e-17
1 0.00402976317534 0.995970236825 2.83939536337e-25
1 3.21638448885e-09 0.999999996784 2.05340720797e-47
2 2.86809590522e-78 3.34736804008e-55 1.0
2 2.33314119172e-79 8.3887866428e-75 1.0
2 8.77781677308e-79 1.41183758004e-87 1.0
2 4.68069138934e-52 5.81825157e-41 1.0
2 5.66142932023e-61 4.80875699458e-52 1.0
2 3.8551698668e-52 5.82635242667e-28 1.0
2 2.45884570794e-61 2.4899419836e-50 1.0
2 1.04654745063e-100 5.07452396369e-91 1.0
2 6.17744828754e-87 3.99829515309e-75 1.0
2 1.26339208848e-80 7.29148175312e-73 1.0
2 2.81867689635e-50 4.95554091093e-59 1.0
2 5.91548890951e-42 5.84438462185e-35 1.0
2 2.5815255655e-28 6.17884984861e-31 1.0
2 1.39811187724e-72 3.91737403303e-52 1.0
2 3.36111113833e-62 2.67553923204e-43 1.0
2 3.27533088467e-93 1.09772748453e-91 1.0
2 4.10234921471e-83 3.6564565808e-88 1.0
