0 1.0 5.47005227783e-21 1.88825077036e-37
0 1.0 4.32194020672e-20 1.69721710284e-41
0 1.0 3.58387000256e-23 6.22730801747e-17
0 1.0 1.64374216155e-29 6.44468531753e-50
0 1.0 9.81009202564e-40 1.97839932241e-62
0 1.0 1.21930508439e-21 3.50575076671e-40
0 0.984917174701 0.0150828252608 3.76684877517e-11
0 1.0 5.06852537524e-24 2.71099773707e-33
0 1.0 4.53447165875e-20 1.55542694895e-44
0 1.0 1.53642510817e-23 1.28636788626e-39
0 1.0 2.85492277965e-24 2.55036649867e-38
0 0.999999999789 2.11245557787e-10 4.66063286599e-43
0 1.0 1.80811689696e-21 6.26914637497e-37
0 0.999999999998 1.83310630204e-12 2.130016453e-31
0 1.0 8.299507575e-14 5.46021487013e-35
0 1.0 8.89321151537e-21 5.80571758037e-51
0 1.0 9.69824491897e-17 2.08008581878e-40
1 0.000427983985688 0.999572016014 7.52033631997e-24
1 0.00539434451757 0.994605655482 1.08975460882e-16
1 1.90331606828e-13 1.0 1.09058546405e-32
1 0.00543205200838 0.994567947992 1.62214674641e-14
1 5.43187506078e-21 1.0 9.56707461382e-45
1 5.4175936274e-37 1.0 2.89360401352e-47
1 2.79490808295e-27 1.0 3.14759040812e-37
1 0.455119139966 0.544880860034 6.43309218433e-37
1 0.0125551434637 0.987444856536 4.30663415283e-27
1 8.31951339975e-13 0.999999999999 2.87187887577e-29
1 2.30243165266e-29 1.0 5.34325709117e-51
1 1.52207023429e-36 1.0 1.61069127982e-49
1 3.6317940606e-44 1.0 1.35554974779e-67
1 5.73452303245e-06 0.999994265477 2.00766888714e-29
1 0.999999714493 2.85506646004e-07 4.34615767008e-21
1 0.992659623405 0.00734037659545 6.21855796329e-34
1 2.67295692045e-14 1.0 1.30106389681e-55
2 2.98711776495e-86 3.2786110482e-105 1.0
2 4.98288173337e-94 2.2311806969e-100 1.0
2 1.79892398195e-120 1.5593285365e-91 1.0
2 5.32105066572e-49 1.15351301105e-80 1.0
2 4.47627162775e-68 1.22878445082e-65 1.0
2 1.12330875232e-62 1.44606396083e-63 1.0
2 2.00609515218e-67 8.07438358342e-73 1.0
2 5.72532588862e-128 2.3316375185e-124 1.0
2 2.69279301803e-95 1.55840997964e-102 1.0
2 3.7531823091e-107 2.41352047069e-101 1.0
2 7.81964443294e-78 1.40994594386e-83 1.0
2 1.63373677627e-63 4.05020536823e-56 1.0
2 2.46688601269e-70 3.03799776085e-67 1.0
2 3.41893084216e-98 2.18783157079e-87 1.0
2 1.28224957461e-66 9.83126847986e-83 1.0
2 7.22947139759e-125 3.10297499078e-122 1.0
2 6.37559385462e-129 1.82161002779e-126 1.0
