0 1.0 3.47563476086e-15 4.39548149177e-42
0 1.0 1.02346493475e-14 2.36412388724e-40
0 1.0 1.59979514378e-22 2.56284535908e-19
0 1.0 6.99339313689e-29 3.32624491699e-51
0 1.0 2.58473201073e-25 3.36985229917e-63
0 1.0 3.85576995664e-16 3.74041594532e-41
0 0.999936156494 6.38435060906e-05 1.69405967449e-14
0 1.0 5.00430687051e-21 4.90049581573e-45
0 1.0 6.51408476991e-29 4.57989870435e-49
0 1.0 5.2558603495e-45 2.50554329764e-47
0 1.0 3.23973680032e-21 4.51554726224e-45
0 0.999999999261 7.38721475772e-10 1.95172902603e-39
0 1.0 4.99923152836e-21 3.10592225341e-33
0 0.999999999961 3.8865992001e-11 4.10415765708e-34
0 1.0 4.64680132075e-14 3.82599664062e-39
0 1.0 1.95081298774e-17 5.43924009755e-57
0 1.0 1.87686973476e-13 1.76379546424e-35
1 3.106512193e-06 0.999996893488 1.08260927883e-28
1 1.2347252657e-10 0.999999999877 4.96938023667e-21
1 4.97162774769e-17 1.0 5.23329175931e-38
1 1.97636320114e-09 0.999999998024 7.31173307197e-35
1 1.01870302093e-18 1.0 6.01745400225e-49
1 9.32836432212e-36 1.0 3.70085824358e-42
1 2.0192522069e-32 1.0 3.99133094191e-60
1 3.47355556784e-14 1.0 7.51234863433e-30
1 4.46777077121e-05 0.999955322292 1.25284746151e-23
1 2.14457682257e-17 1.0 3.03602751125e-30
1 4.39837538807e-38 1.0 4.59556424543e-48
1 2.93706826848e-52 1.0 6.51440281909e-53
1 4.00989658539e-56 1.0 1.76602618247e-85
1 1.72854517763e-21 1.0 6.09821965898e-41
1 0.0720907673421 0.927909231532 1.12574573974e-09
1 4.06006850587e-14 1.0 1.76198466959e-52
1 3.43363138415e-25 1.0 8.89751189379e-68
2 3.39031757199e-99 1.27690855663e-105 1.0
2 8.7013024905e-117 1.33392244565e-113 1.0
2 3.97822991769e-104 7.78598972743e-98 1.0
2 3.27293618789e-61 2.17834231885e-83 1.0
2 1.59051952073e-77 8.17384497827e-70 1.0
2 1.89967183181e-61 7.37497594252e-60 1.0
2 7.42221798116e-76 1.3927978722e-74 1.0
2 4.2089110442e-132 2.04383034819e-133 1.0
2 7.29201576785e-109 9.2199715151e-110 1.0
2 7.96543147919e-113 6.68059144199e-108 1.0
2 1.1490655689e-70 6.69169662547e-75 1.0
2 5.02469044082e-69 1.08384761094e-59 1.0
2 2.00647577911e-69 1.23895776812e-62 1.0
2 9.85112020361e-107 1.46264242963e-91 1.0
2 2.55968491751e-75 7.23637115916e-72 1.0
2 2.10999218544e-114 7.53113294248e-130 1.0
2 2.83600254321e-122 4.28433758137e-123 1.0
