0 1.0 1.77866509218e-22 2.91042937695e-33
0 1.0 2.55445525543e-31 1.24310552336e-46
0 0.999999999994 2.98906240783e-29 5.53462020585e-12
0 1.0 1.31679720164e-40 9.06605245511e-44
0 1.0 1.23644218557e-38 1.10122626737e-52
0 1.0 1.603364745e-20 4.82097734773e-42
0 0.99999999996 3.99257257491e-11 1.23744189415e-24
0 1.0 5.42238073924e-18 3.36822870165e-28
0 1.0 3.40639602921e-37 3.88417337763e-46
0 1.0 8.70133360345e-35 1.20407748179e-32
0 1.0 7.23775709361e-33 1.68409533911e-38
0 1.0 3.78905614565e-19 1.55672257037e-42
0 1.0 1.05598139365e-29 4.30485406506e-38
0 1.0 2.52638478504e-28 7.12565479861e-33
0 1.0 5.85345365769e-24 1.0762568235e-47
0 1.0 8.26122827178e-28 8.73238664945e-51
0 1.0 1.20643241617e-23 2.67205908616e-37
1 0.000122778619101 0.999877221381 1.05955570223e-29
1 0.0417665519067 0.958233448093 3.78461741455e-13
1 1.72266555149e-15 1.0 1.03561348669e-34
1 0.000100225011595 0.999899774988 8.89845983024e-29
1 6.52222550427e-26 1.0 6.5919032991e-51
1 4.20624670866e-42 1.0 2.54404279613e-44
1 2.6046757385e-33 1.0 1.21308394823e-43
1 0.999529383119 0.000470616881015 3.50170990563e-32
1 2.19876837384e-05 0.999978012316 2.38630956935e-15
1 4.547712108e-25 1.0 2.43729785208e-34
1 7.46501127952e-38 1.0 3.4436197539e-59
1 3.90532315893e-57 1.0 4.11107406882e-61
1 1.06139171281e-54 1.0 8.07530971929e-80
1 1.63159057727e-30 1.0 3.3365394363e-58
1 1.0 4.69436718623e-16 6.02431988542e-27
1 0.0259573571978 0.974042642802 1.59281603555e-27
1 5.77914895228e-09 0.999999994221 2.34924838782e-60
2 3.13212331994e-107 6.89408496652e-83 1.0
2 1.37785807138e-112 9.19215780331e-110 1.0
2 3.16437928153e-123 6.85292090603e-90 1.0
2 1.31863763778e-54 4.52921963757e-71 1.0
2 3.54953170389e-74 7.14995895495e-66 1.0
2 5.67057782764e-74 3.80670314659e-56 1.0
2 4.03280459287e-76 3.52495293433e-63 1.0
2 9.08972261516e-145 5.08343504183e-114 1.0
2 9.01630960953e-106 5.48417481874e-104 1.0
2 2.77125718649e-115 2.43983117194e-99 1.0
2 1.19161403775e-74 4.74115612718e-62 1.0
2 1.99732912335e-67 1.98780504367e-52 1.0
2 1.69744284773e-72 2.17100670413e-55 1.0
2 6.40780946809e-112 4.51573556574e-83 1.0
2 1.73507573182e-77 9.62164197483e-53 1.0
2 3.09563611087e-135 3.03622127142e-107 1.0
2 2.24864059407e-127 1.61704385845e-95 1.0
