0 1.0 5.72186025496e-21 7.57396287051e-73
0 1.0 5.3730185652e-28 2.00744655571e-63
0 1.0 1.61212682363e-30 1.64583905203e-50
0 1.0 1.83601945171e-40 5.65146907094e-73
0 1.0 5.50212747487e-31 1.65615100414e-100
0 1.0 1.09676061388e-16 7.79066417589e-58
0 0.56930274967 0.43069725033 6.11334300683e-39
0 1.0 4.80604288276e-22 2.7555454409e-66
0 1.0 3.16367364695e-44 5.10487445883e-67
0 1.0 1.6102993239e-40 1.30892138505e-67
0 1.0 7.95878598425e-29 2.47276196931e-65
0 1.0 2.41694543111e-13 8.38329715089e-57
0 1.0 3.42101740159e-31 1.52128852282e-56
0 1.0 2.33114367393e-23 4.44340619554e-59
0 0.99999908468 9.15319534557e-07 1.38200732435e-71
0 1.0 4.15543708633e-26 1.29456552286e-82
0 1.0 3.70931497111e-17 2.09961690436e-63
1 1.95750860672e-08 0.999999980425 1.34099958473e-52
1 0.999996958032 3.04196773206e-06 4.40962578652e-27
1 2.39689095206e-22 1.0 8.36874833236e-67
1 1.22737310218e-22 1.0 6.99455808751e-84
1 3.30534168625e-18 1.0 1.01488218502e-56
1 8.04042184976e-35 1.0 7.68502454293e-50
1 4.64927653336e-32 1.0 4.36116352783e-85
1 1.0 1.21310647573e-14 1.18274712379e-51
1 1.66405855738e-50 1.0 1.38785945668e-15
1 2.90660082241e-41 1.0 1.26236211753e-41
1 2.73209984875e-36 1.0 2.67099308752e-64
1 2.23805591219e-66 1.0 2.29980347272e-92
1 3.99945143679e-84 1.0 8.07167551847e-110
1 7.11842435452e-49 1.0 4.14521154733e-70
1 2.931396308e-35 1.0 1.58425664249e-19
1 4.53521744995e-05 0.999954647826 3.67859195625e-95
1 2.84805758428e-25 1.0 3.04116088341e-91
2 3.3014872359e-122 4.06781048548e-101 1.0
2 1.78881997377e-124 1.30165694919e-119 1.0
2 3.97719403149e-136 2.72562076758e-114 1.0
2 2.5210487133e-90 4.40152636819e-70 1.0
2 7.16511984749e-79 2.29051583178e-68 1.0
2 1.64045933139e-82 6.74815198762e-50 1.0
2 4.50330508226e-80 1.58424413708e-72 1.0
2 9.15532665971e-151 1.13274015565e-131 1.0
2 3.26362626758e-104 1.13338014629e-108 1.0
2 3.37039306608e-130 4.8599280902e-106 1.0
2 1.06527628425e-79 4.12877368013e-82 1.0
2 7.76074519757e-48 2.32387198712e-38 1.0
2 1.45702535178e-81 2.5255522289e-76 1.0
2 4.96420894376e-103 2.0370197183e-88 1.0
2 9.88265177133e-109 5.67988992768e-58 1.0
2 1.36146894314e-148 1.88322199346e-135 1.0
2 8.83067792558e-132 1.37696411764e-128 1.0
