0 1.0 8.86296360316e-22 1.12358903232e-59
0 1.0 1.10541602378e-26 2.78023071254e-59
0 1.0 3.04544706073e-37 9.91822100092e-28
0 1.0 2.26408443555e-35 6.06313818225e-59
0 1.0 4.57262144583e-48 4.64033219481e-68
0 1.0 1.7628833424e-17 2.95500068432e-47
0 0.987395197024 0.0126048029761 3.51501458147e-32
0 1.0 3.76828779704e-25 1.19234035655e-46
0 1.0 1.98475654235e-47 9.1876449191e-63
0 1.0 6.78231220048e-45 4.07181703807e-48
0 1.0 8.74651326462e-23 5.68144295126e-53
0 1.0 2.05928367553e-16 8.62435203476e-54
0 1.0 2.31043579278e-31 7.38828937765e-54
0 1.0 1.12228138351e-16 3.18031622619e-41
0 1.0 1.18711087453e-18 5.97669035339e-63
0 1.0 1.30076184809e-24 1.41256880018e-59
0 1.0 1.98159882912e-20 1.67122206564e-57
1 6.60795598453e-09 0.999999993392 4.19238907488e-50
1 0.226182173512 0.773817826488 2.43379473726e-22
1 5.14863240953e-11 0.999999999949 1.1132096344e-58
1 7.46382294685e-36 1.0 1.39312413566e-71
1 1.16857001213e-15 1.0 2.67783324155e-53
1 1.62932204279e-43 1.0 1.85958138263e-57
1 1.44866485052e-25 1.0 8.1283463575e-57
1 0.999999616523 3.83476613447e-07 2.12123131716e-41
1 5.88663166758e-49 1.0 9.50812941105e-31
1 3.06121467811e-39 1.0 3.18110975606e-38
1 2.33415249491e-37 1.0 2.42789635585e-65
1 9.51290379306e-49 1.0 9.68394290008e-76
1 1.04736805395e-74 1.0 4.77320635285e-106
1 8.24411703243e-47 1.0 1.2017610619e-68
1 2.17970722973e-14 1.0 7.10896458408e-16
1 3.49909204395e-06 0.999996500908 2.41735741561e-61
1 1.68740840773e-14 1.0 4.11308820923e-43
2 4.47653115469e-104 8.46442745416e-104 1.0
2 1.06276002625e-116 9.57224121069e-116 1.0
2 7.74393981221e-140 1.61446458901e-106 1.0
2 6.32256735544e-72 3.99722460163e-54 1.0
2 4.88892049768e-82 3.96447520538e-81 1.0
2 3.85288026482e-80 1.61447733297e-53 1.0
2 2.87190002784e-82 4.4838413762e-76 1.0
2 1.20583057361e-149 9.35705878767e-125 1.0
2 3.9093465572e-110 1.65895169354e-108 1.0
2 1.57453323545e-123 1.15155301854e-101 1.0
2 7.46082819466e-90 1.27736814478e-80 1.0
2 1.37887113392e-62 3.7565627445e-47 1.0
2 1.27706899085e-83 6.19088870556e-89 1.0
2 3.39743906815e-106 1.7199965241e-86 1.0
2 1.20581065557e-84 2.72072870685e-46 1.0
2 1.27616187585e-145 9.48905071304e-125 1.0
2 2.90747166834e-127 4.95763334595e-99 1.0
