0 2.32054473465e-20 6.48274102932e-17 1.0
0 1.56998941199e-15 4.07492894281e-16 1.0
0 3.69589218498e-12 8.7111620871e-13 0.999999999995
0 8.8783196623e-16 1.73327725627e-16 1.0
0 6.95704091107e-23 4.46514197659e-20 1.0
0 1.9191085994e-12 8.61535774088e-13 0.999999999997
0 3.64579804568e-15 1.01532260368e-13 1.0
0 1.18062757437e-15 2.13215450306e-16 1.0
0 5.12997510709e-16 1.00481374126e-16 1.0
0 4.36878198818e-21 4.44826230172e-19 1.0
0 1.05898671082e-14 2.52841652768e-15 1.0
0 4.92352960671e-13 1.77699810688e-13 0.999999999999
0 1.57438731783e-09 3.84068352169e-10 0.999999998042
0 3.17161258539e-14 1.59766102078e-14 1.0
0 3.99135533437e-18 8.41551780454e-15 1.0
0 2.27775035651e-16 3.78775935426e-17 1.0
0 3.53592092825e-15 8.11943570927e-16 1.0
1 3.24093498782e-14 1.00739004433e-14 1.0
1 2.13313997199e-15 5.9404420275e-16 1.0
1 3.9284794119e-10 1.14724632965e-09 0.99999999846
1 1.85644482861e-16 1.95701934749e-12 0.999999999998
1 5.24158182996e-16 9.79240966035e-17 1.0
1 2.32730464235e-16 2.12675148216e-17 1.0
1 7.14806457282e-17 1.4985588558e-13 1.0
1 1.03334204712e-16 3.04039380214e-17 1.0
1 1.29695033188e-26 1.27538356086e-17 1.0
1 1.84360274817e-10 3.49630676691e-11 0.999999999781
1 7.98992439438e-08 5.87553614769e-07 0.999999332547
1 1.66627736082e-14 1.54514729936e-12 0.999999999998
1 2.86491305544e-11 4.06040599639e-08 0.999999959367
1 1.63903276421e-15 2.75630941332e-16 1.0
1 7.12253679732e-16 1.81350259108e-16 1.0
1 2.2933450909e-26 2.9171400017e-20 1.0
1 7.02507776427e-14 2.0608842115e-11 0.999999999979
2 1.42341313355e-23 1.33337573583e-19 1.0
2 8.32420535199e-22 4.55319627526e-18 1.0
2 3.71666510011e-25 1.95673269464e-15 1.0
2 3.58413706278e-19 7.55452794949e-17 1.0
2 2.11712814884e-16 1.72051080922e-12 0.999999999998
2 2.36411187153e-20 2.27122217877e-19 1.0
2 1.05911383398e-18 1.75820166669e-14 1.0
2 1.59390548194e-21 2.05086408074e-16 1.0
2 2.33186527291e-22 4.77973554413e-21 1.0
2 3.29548785205e-23 2.30301434163e-19 1.0
2 1.33696581129e-20 4.28634838135e-18 1.0
2 4.32274484685e-14 1.67278303304e-14 1.0
2 6.59335359426e-16 1.32817638465e-13 1.0
2 4.33041947227e-29 2.09527711192e-21 1.0
2 7.87438958156e-19 3.31822779531e-18 1.0
2 9.89856379142e-21 5.84050964395e-19 1.0
2 1.16667225825e-23 2.56130114079e-19 1.0
