0 1.0 1.03521929838e-25 6.09386171907e-74
0 1.0 1.64811800926e-37 7.17809460192e-77
0 1.0 1.63411947977e-60 7.48591393243e-53
0 1.0 2.4705663515e-64 2.30667072939e-80
0 1.0 6.95639158669e-49 3.26164404812e-91
0 1.0 1.32286272743e-27 8.19332291095e-33
0 0.999803569153 0.000196430847001 9.94553132687e-33
0 1.0 5.1487620069e-44 1.34725781716e-48
0 1.0 1.12997001955e-55 3.28886439006e-71
0 1.0 2.01379212151e-53 1.12493797366e-85
0 1.0 4.94769698271e-46 5.07071192919e-76
0 1.0 6.4384160722e-21 2.6058676635e-56
0 1.0 2.49505038477e-33 2.36024793922e-56
0 1.0 1.15814466524e-39 1.91201954401e-43
0 1.0 1.40877070668e-20 6.03913625365e-50
0 1.0 1.3176289657e-51 1.29412640585e-104
0 1.0 2.26915414279e-40 1.68534296068e-82
1 5.39049760571e-25 1.0 2.65261513586e-71
1 0.834933298689 0.165066701311 4.28229827125e-34
1 2.666529296e-15 1.0 1.55133743545e-60
1 9.20305801765e-30 1.0 1.198254875e-75
1 3.60207610061e-06 0.999996397924 2.02773685055e-46
1 5.70762920216e-27 1.0 1.1154518063e-62
1 1.16532275329e-41 1.0 1.19772292707e-93
1 0.99844542351 0.00155457649024 7.28869976137e-22
1 9.61244357615e-36 1.0 1.1715733299e-16
1 9.12922176869e-35 1.0 1.6314005378e-64
1 1.25326958982e-56 1.0 1.39225675348e-58
1 5.75564909404e-55 1.0 3.32757830268e-103
1 8.45347780993e-54 1.0 2.62706722857e-116
1 3.70335132218e-38 1.0 1.11642523075e-72
1 1.27405313666e-14 1.0 6.83373540511e-22
1 4.97066565816e-30 1.0 9.80067842262e-105
1 3.32638282079e-22 1.0 6.517224774e-64
2 5.33350656651e-147 7.04267942773e-164 1.0
2 9.31902661671e-130 3.12860612698e-201 1.0
2 2.10087260173e-110 3.60787489151e-113 1.0
2 1.27263183622e-101 2.19061862929e-149 1.0
2 8.93715968353e-79 7.19209324329e-94 1.0
2 2.46286413019e-98 3.08498555086e-71 1.0
2 3.44651972616e-69 6.02420642174e-109 1.0
2 1.30990637173e-193 1.33895969609e-210 1.0
2 6.66259992622e-100 1.09323040577e-137 1.0
2 5.44260796089e-115 3.0668218922e-131 1.0
2 4.91992226788e-74 1.52833056776e-96 1.0
2 1.40206343997e-58 3.12571777155e-37 1.0
2 9.35643067192e-77 7.61970414756e-85 1.0
2 9.32841635008e-130 4.61873246885e-166 1.0
2 1.82197884267e-58 9.6920980298e-86 1.0
2 1.88464589043e-179 4.61626526439e-189 1.0
2 1.76900187883e-105 4.69173417722e-174 1.0
