1 0.385871733574 1.24624704014e-21 0.614128266426
1 0.999999285872 9.45922064809e-14 7.14128213264e-07
1 0.990955375202 3.51995640769e-11 0.00904462476285
1 0.999999338265 3.46938008619e-15 6.61735479624e-07
1 0.989025030361 6.80240880188e-26 0.0109749696387
1 0.994394026767 1.28919024565e-11 0.00560597322032
1 0.999773988604 4.5962131721e-16 0.000226011396353
1 0.999999995552 4.43429069575e-09 1.36565241892e-11
1 0.997573322568 4.91532795689e-14 0.00242667743147
1 0.99999999845 1.55092167131e-17 1.54986341215e-09
1 0.999994488127 2.99743534495e-16 5.51187265173e-06
1 0.999972302041 2.1237453912e-06 2.55742131296e-05
1 0.999989352759 3.31210370419e-14 1.064724085e-05
1 0.999996961921 4.83476860127e-11 3.03803067271e-06
1 0.999999997306 1.17336296738e-15 2.69411301137e-09
1 0.999997844524 3.72200885662e-16 2.15547605603e-06
1 0.99999679886 3.64875174801e-14 3.20113978619e-06
5 0.99999537347 1.03325659333e-12 4.62652892993e-06
5 0.000619733525843 2.63283751817e-21 0.999380266474
5 0.999997147072 1.20106225109e-06 1.65186550364e-06
5 0.999975399063 8.63945349629e-16 2.4600937223e-05
5 0.999999467721 1.33140363157e-18 5.32278568358e-07
5 0.999458543451 2.31264633088e-11 0.000541456525564
5 0.0352365449435 3.40622993678e-15 0.964763455056
5 0.999999828159 3.69223051603e-18 1.7184061013e-07
5 0.999999989067 1.36221323116e-26 1.09327712893e-08
5 0.0753827355941 5.1442248855e-10 0.924617263891
5 0.99245653313 2.10413450767e-15 0.00754346687049
5 6.12265668202e-07 3.4103768923e-12 0.999999387731
5 0.999999994656 1.51492024622e-16 5.34449245145e-09
5 0.0163796613388 2.04075992677e-11 0.983620338641
5 0.999998898568 3.96931227578e-14 1.10143148451e-06
5 0.000530214555849 2.54142164745e-23 0.999469785444
5 0.961542836882 8.84417368498e-15 0.0384571631177
z 2.73665186501e-18 6.46485154592e-35 1.0
z 2.96351611601e-22 2.06896974502e-30 1.0
z 0.00469524483158 6.43477568726e-25 0.995304755168
z 9.49131957766e-15 8.74814607933e-31 1.0
z 4.73712227678e-18 2.99431667248e-26 1.0
z 1.53392840215e-18 5.19715554683e-26 1.0
z 1.36459078422e-10 2.51971040766e-24 0.999999999864
z 1.10673217719e-19 4.08695849745e-33 1.0
z 4.01913615722e-16 1.61515371083e-32 1.0
z 4.7166695768e-20 1.64218492078e-25 1.0
z 1.37486327077e-10 5.11619076844e-26 0.999999999863
z 4.05077100054e-06 5.23706366012e-16 0.999995949229
z 4.71492821589e-11 1.47997845809e-25 0.999999999953
z 1.13373820909e-12 3.12227531921e-36 0.999999999999
z 1.64691887987e-13 9.87652643181e-23 1.0
z 9.54140901308e-24 4.81382995304e-34 1.0
z 3.38590601921e-19 2.16633477427e-38 1.0
