0 0.999741173628 0.000258826372334 1.53872125742e-13
0 0.999999999999 9.72798083763e-13 1.08262861364e-14
0 0.999999992455 7.54485309773e-09 2.36137605989e-24
0 1.0 1.65631192963e-14 2.35669779343e-23
0 0.999999995171 2.06573739888e-14 4.82862285253e-09
0 0.999998413528 1.5864720185e-06 2.18450675871e-14
0 0.999999965698 3.43006080176e-08 1.0209313465e-12
0 0.999999999724 1.33826527378e-15 2.7572958509e-10
0 1.0 7.14607794369e-16 4.65146681189e-21
0 0.999999997522 2.47753457414e-09 4.00259558629e-24
0 0.999999999904 9.64691260771e-11 6.55138721621e-15
0 0.999999999991 1.00052045785e-12 7.87288581218e-12
0 1.0 2.44067086558e-15 2.8103003649e-14
0 0.999999999985 1.25270431287e-13 1.46043276527e-11
0 0.999872669533 0.000127330466754 2.07939734451e-13
0 0.999999999976 2.41170744297e-11 2.55434093086e-14
0 0.999999999994 6.21782896387e-12 2.36556547885e-19
1 0.000518422551392 0.999481577449 2.94794054401e-18
1 1.9857660561e-06 0.999995546977 2.46725652063e-06
1 7.00343733561e-06 0.999992996563 1.3302338164e-16
1 4.6358641855e-12 0.999999999827 1.68396515321e-10
1 1.31809012392e-08 0.999999986819 4.0944185528e-25
1 5.04270068941e-17 1.0 1.54219336438e-13
1 4.72035351819e-15 1.0 2.54311196805e-21
1 3.05597036918e-05 0.999969440296 1.59266187774e-18
1 0.000156093352994 0.999843906637 1.01885463277e-11
1 2.58563402476e-29 1.0 2.36989429786e-17
1 3.38626683554e-12 0.999999999996 9.03053966608e-13
1 1.37964422587e-25 1.0 7.81437441947e-16
1 4.27524728428e-24 1.0 4.64523576682e-24
1 2.53444226619e-15 1.0 1.1877978921e-13
1 0.999999868064 1.31783925619e-07 1.52294974625e-10
1 1.34028294245e-08 0.999999986597 7.52674449056e-16
1 6.79612971056e-05 0.999932038703 4.18960493357e-15
2 1.40964981162e-31 6.07904714854e-37 1.0
2 4.85996030452e-18 8.39771753146e-23 1.0
2 5.56673849476e-13 2.95649654993e-27 0.999999999999
2 4.50273711785e-28 3.69850512023e-25 1.0
2 1.84617361319e-19 1.93615300947e-20 1.0
2 8.38760277146e-30 2.26369639211e-27 1.0
2 1.02766691642e-21 1.02152274282e-21 1.0
2 9.73273937555e-34 2.797594699e-43 1.0
2 6.49917077717e-28 4.11898148477e-33 1.0
2 9.40316077202e-17 1.08915887611e-33 1.0
2 2.11317665604e-14 2.47345005733e-13 1.0
2 1.48681908452e-11 6.54902510242e-19 0.999999999985
2 1.04440980192e-10 2.70764567622e-28 0.999999999896
2 1.03681699896e-23 5.52896903651e-33 1.0
2 3.21201378537e-20 2.41006488907e-23 1.0
2 1.71471279459e-30 2.28155405462e-43 1.0
2 1.13043019246e-27 2.43176589462e-39 1.0
