1 0.999999022922 9.69976474273e-07 7.10120417364e-09
1 0.999999882767 1.16660596272e-07 5.71929475179e-10
1 1.0 1.06781018261e-13 2.05070970505e-14
1 0.999999999987 3.63775257142e-16 1.27562587236e-11
1 1.0 4.44752252718e-16 6.85991313968e-20
1 0.999999995833 7.7071410833e-10 3.39588338348e-09
1 0.999918755997 8.12418121898e-05 2.19063011966e-09
1 8.58001076667e-11 0.999999999913 8.58150775262e-13
1 1.0 5.17771009388e-16 8.92430024606e-15
1 0.999999999997 1.52682094782e-14 3.32018784141e-12
1 0.999999999959 5.25941836953e-12 3.58742085835e-11
1 0.999999182392 1.46768303734e-08 8.0293116391e-07
1 0.999999989884 5.39702001699e-10 9.5760859102e-09
1 0.999999984729 1.34538494877e-08 1.81713074182e-09
1 0.999892735447 0.000105361629877 1.90292268314e-06
1 0.999999998741 4.85019621846e-12 1.25391645494e-09
1 1.0 5.67667549025e-16 1.28685051466e-14
5 0.0127775841657 0.98702218929 0.000200226544432
5 0.362910204835 0.021761885602 0.615327909563
5 0.999335619083 0.000664378284982 2.6316314625e-09
5 0.266977922788 0.733022014178 6.30339733907e-08
5 4.66583281602e-09 0.999999162981 8.3235315942e-07
5 6.42866799282e-15 1.0 1.23513731069e-14
5 5.76525193858e-10 0.999999999422 1.47406648739e-12
5 0.963309136439 0.0366855983287 5.26523226062e-06
5 0.999999999931 6.85123593769e-11 9.2160122249e-17
5 1.44413562069e-06 0.999998445116 1.10748051195e-07
5 3.06514306378e-07 0.999999692572 9.13264412566e-10
5 9.93896364431e-23 1.0 1.02098824288e-15
5 2.57013592264e-29 1.0 2.2995017303e-20
5 4.38463074814e-19 0.999999999982 1.8486053803e-11
5 0.999300525112 0.000683897652004 1.55772356326e-05
5 0.999988148003 1.18519971182e-05 2.71874875907e-14
5 5.00862735003e-09 0.999895575752 0.000104419239071
z 7.95232791251e-35 3.8504530382e-14 1.0
z 6.81679096388e-28 1.45536777258e-09 0.999999998545
z 0.00169840880862 0.000371086706022 0.997930504485
z 1.82633725894e-33 1.24113691911e-12 0.999999999999
z 3.69894439715e-24 1.99974080745e-12 0.999999999998
z 1.55228292824e-32 5.57157488728e-08 0.999999944284
z 4.44572364056e-17 1.11284938071e-05 0.999988871506
z 3.73836944621e-37 1.36472647943e-17 1.0
z 5.99564834119e-24 1.45683418274e-09 0.999999998543
z 4.18308315302e-24 8.45080169396e-09 0.999999991549
z 1.16797419548e-09 1.88046332852e-06 0.999998118369
z 6.3608945071e-14 1.30722902132e-05 0.99998692771
z 1.71369931493e-10 0.987883552028 0.0121164478005
z 1.40054957443e-22 8.89306218781e-09 0.999999991107
z 2.82719345957e-21 2.28249887258e-09 0.999999997718
z 2.25273429077e-31 8.6209093271e-14 1.0
z 2.10807904442e-15 2.40615585542e-12 0.999999999998
