0 0.999999998846 1.1542633739e-09 8.55266799531e-24
0 0.999999999809 2.76434787181e-13 1.90437204935e-10
0 1.0 7.09789437639e-20 6.13102293731e-16
0 1.0 5.58691321829e-18 6.98030667608e-14
0 1.0 1.45832654662e-21 3.05273682736e-24
0 0.999998184775 2.37878796132e-14 1.81522499883e-06
0 0.999999999788 1.32200143667e-10 7.99433822386e-11
0 3.13075043307e-09 0.999999996869 6.36541809407e-22
0 1.0 8.26535135186e-22 1.49018510861e-20
0 1.0 3.21790382073e-18 2.20596466146e-29
0 0.999999999836 3.89950751618e-17 1.63730592544e-10
0 0.999984813681 1.3673765828e-13 1.51863191813e-05
0 0.999999938338 2.9634217299e-17 6.16618316902e-08
0 1.0 6.99963139703e-16 5.06133404133e-18
0 0.999999992921 2.28644074482e-14 7.07854674958e-09
0 1.0 3.44335180939e-17 1.12649079278e-13
0 0.999999999823 2.21894059645e-18 1.77349290898e-10
1 6.54712924443e-10 0.999873746357 0.000126252988446
1 2.03840589893e-06 0.772484841768 0.227513119826
1 1.44837157195e-06 0.758833581327 0.241164970302
1 2.01512152368e-08 0.999999979849 8.58015458917e-23
1 1.72683161963e-21 0.999999999999 1.26873884827e-12
1 8.42149096828e-15 0.999999994238 5.7618909405e-09
1 2.9571409784e-26 1.0 8.47390651678e-41
1 0.000225265916261 0.999773646589 1.08749513826e-06
1 0.00277486393507 0.996854078966 0.000371057098461
1 3.0422941729e-26 1.0 1.69811685394e-19
1 2.34418873678e-24 0.99999999996 3.9921766027e-11
1 9.14567639226e-42 1.0 7.93017734705e-29
1 1.51881679817e-58 1.0 3.59635908409e-46
1 9.37922754855e-40 1.0 1.84406626334e-22
1 0.897553008393 0.000681585139742 0.101765406467
1 0.0369694045654 0.963030587264 8.17098134941e-09
1 7.82852087491e-15 1.0 6.99444255063e-19
2 7.02414518985e-50 2.64005502639e-20 1.0
2 6.55904405917e-51 2.46071363046e-23 1.0
2 8.13168347757e-15 1.22979893148e-10 0.999999999877
2 1.68984332009e-44 7.40199583943e-10 0.99999999926
2 6.56218411461e-25 8.76098353433e-13 0.999999999999
2 9.21050834726e-44 1.26844719942e-14 1.0
2 2.94653922808e-25 2.45591808264e-06 0.999997544082
2 1.07121904267e-54 1.73611653489e-23 1.0
2 3.93526439641e-41 1.7920328102e-16 1.0
2 4.50499238381e-41 4.84195255985e-19 1.0
2 1.01842951216e-09 2.25808357429e-06 0.999997740898
2 1.09356021364e-24 2.93410296158e-13 1.0
2 5.51280139923e-22 5.47008825102e-07 0.999999452991
2 2.41754355632e-44 4.50173526641e-23 1.0
2 4.59125957658e-23 5.05589355668e-10 0.999999999494
2 1.23925146421e-46 2.48241485196e-25 1.0
2 2.75557139061e-25 2.11317665604e-14 1.0
