0 0.999999797757 2.02243044251e-07 4.20312242722e-25
0 0.999999999222 7.78390312478e-10 6.51668784655e-16
0 1.0 1.05864742923e-14 1.28009136484e-18
0 0.999999992048 7.95231170875e-09 6.04353339668e-14
0 1.0 1.72022882879e-23 1.08459788463e-26
0 0.999999968205 3.16034201518e-08 1.91832000501e-10
0 0.999979954882 2.00451179399e-05 1.29100696547e-17
0 9.12968382385e-18 1.0 1.21355018908e-30
0 1.0 2.50601551726e-14 2.30824518445e-21
0 0.999999999999 1.39461757377e-12 1.04523642757e-37
0 0.99999999999 3.83551665189e-13 9.83969045875e-12
0 0.999999937368 6.26314306497e-08 2.58108230085e-13
0 1.0 5.13344265514e-15 6.63840754327e-22
0 0.999999999986 1.41827273308e-11 9.39231508973e-21
0 0.999999999983 1.6815827473e-11 1.37550816697e-18
0 1.0 2.84793228924e-14 5.51068363013e-21
0 0.999999999998 1.4549754999e-14 1.66333549121e-12
1 5.67170284257e-14 1.0 4.3404074981e-22
1 8.52924359526e-07 0.999999147005 7.09816451741e-11
1 3.2774064843e-10 0.999999996627 3.04549043849e-09
1 2.26070647595e-08 0.999999977393 9.91762803669e-33
1 1.58340957335e-28 1.0 1.00007273211e-22
1 3.89016504466e-23 1.0 8.71134151392e-25
1 3.94671906331e-34 1.0 4.76713354531e-44
1 2.4109047282e-13 1.0 6.57708214685e-14
1 7.14102960013e-05 0.999928575547 1.41567102412e-08
1 4.13255966779e-20 1.0 6.81513906754e-17
1 5.08901266723e-28 1.0 4.1312314609e-22
1 6.38388467619e-49 1.0 4.69307202741e-41
1 2.26618990284e-60 1.0 8.11739374451e-53
1 1.04977711797e-42 1.0 2.45154849337e-32
1 0.0116142299379 0.988044531592 0.000341238470183
1 6.89540864317e-05 0.999931045913 5.48783840502e-13
1 2.14707945817e-19 1.0 4.4191996392e-29
2 4.2080302838e-41 7.21104339071e-13 0.999999999999
2 1.20824579992e-55 1.74094195175e-11 0.999999999983
2 1.16475937287e-22 0.000359659646493 0.999640340354
2 6.21667945232e-38 5.14195897703e-11 0.999999999949
2 9.28336810058e-25 8.96082851388e-09 0.999999991039
2 4.88030385113e-37 0.00860471275769 0.991395287242
2 3.09639882568e-24 0.127861770506 0.872138229494
2 8.09806754196e-52 1.00505832128e-10 0.999999999899
2 4.79301070945e-43 3.3886591559e-11 0.999999999966
2 1.01738297839e-38 4.73277574031e-06 0.999995267224
2 2.79437215178e-13 5.30203411981e-07 0.999999469796
2 3.66648190666e-20 0.000363487143813 0.999636512856
2 2.46577758535e-19 0.999993834883 6.16511692757e-06
2 6.01048591467e-47 3.1149106162e-14 1.0
2 2.67286557944e-21 0.000141227414064 0.999858772586
2 3.25925439225e-47 5.8416668292e-12 0.999999999994
2 7.71473601084e-31 8.21492150312e-17 1.0
