0 0.999999999998 2.40300417254e-12 1.83599228791e-16
0 0.999999964684 3.53091903197e-08 6.33257891623e-12
0 1.0 2.99697322022e-14 5.77296943436e-19
0 0.999999999998 1.67722317408e-12 1.5459554227e-14
0 1.0 1.36528087404e-15 1.82057694453e-16
0 0.999999998107 1.85038339229e-09 4.26712530862e-11
0 1.0 2.73981705999e-14 6.24761167217e-19
0 7.99904729099e-21 0.999999999995 5.48262716635e-12
0 0.999999946388 5.36120544099e-08 9.74224189495e-15
0 0.999999995411 4.58939735477e-09 5.50906735332e-14
0 1.0 1.50374256589e-14 9.91387576167e-18
0 1.0 9.48772264425e-22 5.40786970022e-22
0 1.0 2.39212754662e-20 1.97150554574e-20
0 0.999998790818 1.20910367521e-06 7.81513721243e-11
0 0.999984485785 1.55142114755e-05 3.53603212296e-12
0 0.999999998865 1.13545466098e-09 4.18358748041e-25
0 0.999744067451 0.000255932476445 7.2350589647e-11
0 0.998394540348 0.00160545963741 1.46040707509e-11
0 1.0 7.67873526196e-16 3.89603069854e-24
0 0.989309458531 0.010690541469 8.37614417955e-16
0 1.0 5.17030904292e-14 6.06941923959e-39
0 1.0 8.55719154501e-27 2.10099756288e-25
0 0.999999973721 2.62788833434e-08 3.7455190428e-18
0 0.973928528462 0.0259192049804 0.000152266557445
0 0.999999964932 3.3779350507e-08 1.28843841867e-09
0 0.999999998667 1.33277700449e-09 1.72423765405e-13
0 1.0 1.1823788091e-17 5.19846443147e-20
0 1.0 1.39786576849e-16 2.38900377283e-25
0 1.0 1.64927933107e-16 2.14282172489e-20
0 0.999999998043 1.71328331161e-14 1.95660713062e-09
0 0.0187004716599 0.981107313661 0.00019221467932
0 0.999690988946 0.000309011050739 2.94892929723e-12
0 0.00820762511302 0.991779298414 1.30764725811e-05
0 1.0 1.54256265467e-18 2.46306406367e-15
0 0.999999999695 3.05244120647e-10 4.56221686083e-18
0 0.999999970906 2.90941912517e-08 9.2988370121e-16
0 0.999999972902 2.69872673493e-08 1.10284046633e-10
0 3.15418064755e-14 0.999999999842 1.58257345959e-10
0 1.0 1.09687558908e-21 2.02161027198e-20
0 1.0 2.12663147921e-17 4.05128146738e-29
0 0.999999999983 4.29855610913e-12 1.29951377568e-11
0 0.992500779072 0.00749922092752 5.3827165744e-13
0 0.999998145332 1.85046803032e-06 4.19996942023e-09
0 1.0 5.5984143063e-19 7.33643367856e-17
0 0.99999999995 4.86927955826e-11 1.75607276094e-12
0 1.0 1.76864980928e-21 6.02265721793e-24
0 1.0 3.11278478925e-19 2.83720348273e-31
0 0.999999975476 2.45232740958e-08 4.58686874148e-13
0 0.999999999576 4.24093955941e-10 3.57060188194e-13
1 7.63493533333e-16 0.999999999425 5.74584825279e-10
1 2.24264306472e-16 0.999999995289 4.71092975148e-09
1 0.998428557699 2.85460758818e-05 0.00154289622555
1 4.56128091573e-08 0.999105219114 0.000894735273105
1 1.84325727531e-09 0.999999762454 2.35702565098e-07
1 2.96202859244e-19 1.0 1.73355054304e-17
1 4.14362631851e-13 0.999999495803 5.0419683386e-07
1 1.1325397305e-06 0.999938349566 6.05178941279e-05
1 1.02737847703e-17 0.999999743 2.57000156156e-07
1 5.03851572718e-09 0.892731466378 0.107268528583
1 5.67023458014e-10 0.999999999417 1.63075014803e-11
1 4.33514342268e-14 0.999984701821 1.52981788464e-05
1 2.17177191337e-12 0.999999996735 3.26310596999e-09
1 8.46956190316e-26 0.999999999998 2.25565755985e-12
1 0.00106050940755 0.0159018103966 0.983037680196
1 5.50747983224e-10 0.999999999448 1.5816520668e-12
1 1.52354187586e-10 0.999710809089 0.000289190758748
1 1.3215871853e-08 0.999999679165 3.07619485171e-07
1 1.52757486248e-20 0.992351162869 0.00764883713055
1 4.2979001866e-17 0.999999999999 5.80131720685e-13
1 2.27839138957e-13 0.999999857038 1.42961972356e-07
1 2.89094850619e-14 0.99965806911 0.000341930890124
1 2.98114328346e-17 0.999999999982 1.81103495242e-11
1 2.46413979312e-22 1.0 3.82212117384e-23
1 1.35799572127e-13 0.999999999805 1.94682734958e-10
1 9.78584779497e-20 0.999999999999 1.13371698358e-12
1 7.41069245054e-08 0.91186883722 0.0881310886735
1 2.02788745782e-17 1.0 8.99767928087e-14
1 3.35670554876e-12 0.999435725569 0.000564274427612
1 2.55882516554e-14 1.0 3.57163332855e-16
1 2.88458503145e-15 0.999995539057 4.46094268662e-06
1 1.9544840618e-05 0.999243062397 0.000737392761936
1 0.00426415048396 0.900815721263 0.0949201282534
1 3.59128062875e-21 0.999999999933 6.66870307937e-11
1 1.2629635108e-14 0.999999999994 5.55297470377e-12
1 1.40547729218e-11 0.999999999982 3.53617424572e-12
1 4.18223044098e-15 1.0 1.40707229553e-14
1 5.57092359221e-07 0.99976142834 0.000238014567628
1 7.62544890193e-09 0.999999253754 7.38620079341e-07
1 1.34450741165e-07 0.999999865545 4.73446763105e-12
1 1.07215237708e-19 0.999999999951 4.90690702933e-11
1 1.28242509128e-10 0.999999382111 6.17760449389e-07
1 1.46307498738e-16 0.999999804415 1.95585062429e-07
2 1.97269978051e-09 0.0147361116719 0.985263886355
2 1.72727305979e-21 7.98361484741e-06 0.999992016385
2 2.38717898261e-12 0.999974584226 2.5415771667e-05
2 1.15885636819e-07 7.23464082331e-11 0.999999884042
2 1.38822844458e-15 0.999999999233 7.66952475827e-10
2 1.34395142522e-15 0.000269588551597 0.999730411448
2 2.10080749354e-08 9.79159482379e-05 0.999902063044
2 4.47902856713e-21 5.91401051032e-08 0.99999994086
2 6.82351049589e-12 1.29239161582e-07 0.999999870754
2 2.13802450731e-13 9.23727270255e-05 0.999907627273
2 2.25564467587e-08 1.64703145509e-10 0.999999977279
2 9.82262248399e-11 0.999807273685 0.000192726216837
2 2.24156336614e-13 0.999999823345 1.76654925819e-07
2 8.01504168129e-13 0.26709387268 0.73290612732
2 7.96070538514e-28 0.999999913469 8.65312359796e-08
2 5.40916095789e-08 0.954061795855 0.0459381500533
2 1.9372354704e-11 0.000362005536941 0.999637994444
2 3.39730842422e-05 3.15761989256e-08 0.99996599534
2 0.827026040903 0.172972743951 1.21514502783e-06
2 3.01796095276e-14 1.03885769654e-09 0.999999998961
2 4.02055636299e-18 0.000707936754289 0.999292063246
2 9.96427882754e-22 9.23172690829e-09 0.999999990768
2 1.34723128135e-16 0.000877320888897 0.999122679111
2 4.59373323745e-15 0.0305918167823 0.969408183218
2 5.77039185343e-09 0.972476294738 0.0275236994919
2 6.04882909342e-17 6.01707591022e-07 0.999999398292
2 2.35153981653e-24 1.07649614164e-07 0.99999989235
2 2.86658848758e-10 0.017983168276 0.982016831437
2 2.48153949838e-13 0.0179817195577 0.982018280442
2 3.21982642523e-14 4.93020716795e-07 0.999999506979
2 6.08371956217e-17 0.000380884977587 0.999619115022
2 6.71173529403e-11 0.273427775573 0.72657222436
2 5.06115146955e-19 9.57698725437e-05 0.999904230127
2 1.39760617552e-10 0.00011957127918 0.999880428581
2 3.12788761464e-20 0.8777991933 0.1222008067
2 8.98550499732e-07 3.6285950413e-07 0.99999873859
2 3.44597649026e-08 7.99945774831e-10 0.99999996474
2 1.81705864534e-13 0.0166064430474 0.983393556952
2 8.94946189376e-18 0.0990911870139 0.900908812986
