0 0.999999987257 1.27431121464e-08 2.20644451112e-19
0 0.999974734195 2.5265804558e-05 5.458066432e-13
0 0.999999999913 8.67675075201e-11 4.34327136433e-24
0 0.999999999327 6.73333212401e-10 4.51924691852e-16
0 0.999999999989 1.13400474319e-11 1.32767245745e-15
0 0.999999804886 1.95113041265e-07 4.8809433123e-13
0 0.999999999999 5.84818856075e-13 5.39667702042e-17
0 5.99464100615e-19 0.999999994194 5.80607821259e-09
0 0.99914487513 0.00085512487045 5.91343225289e-15
0 0.999994565085 5.434912977e-06 2.30058980564e-12
0 0.999999999811 1.89047421803e-10 3.58835024005e-18
0 1.0 1.66083245765e-19 6.71298353757e-23
0 1.0 3.67635186447e-19 3.55270523294e-14
0 0.999992421787 7.57820403924e-06 8.79807224474e-12
0 0.999918778324 8.12216761277e-05 2.6136929613e-14
0 0.999989896341 1.01036593855e-05 3.15786058343e-21
0 0.0775269215849 2.41058814546e-05 0.922448972534
0 0.987205549544 0.0127944504553 5.03678916357e-13
0 0.999999999991 8.89374797894e-12 4.22580220474e-16
0 0.111388117145 0.888611880064 2.79115358024e-09
0 0.999999991639 8.35949240124e-09 1.49363852238e-12
0 1.0 1.38716354249e-23 1.48546805011e-24
0 0.999998491851 1.50814856173e-06 9.04166009144e-17
0 0.954600625759 0.0453992553436 1.18897705001e-07
0 0.999999064556 3.5001501741e-07 5.85429033815e-07
0 0.999999342763 6.57236813861e-07 5.86210814347e-16
0 1.0 9.25749684552e-15 1.33718439974e-20
0 0.999999999993 6.5932736851e-12 1.77418131127e-19
0 1.0 1.28815525278e-14 1.70910697164e-16
0 0.999999999352 6.41925377393e-13 6.47761410826e-10
0 0.00173574727114 0.99826066715 3.58557901217e-06
0 0.920224262493 0.0797757375071 8.49143483848e-15
0 0.0959596322733 0.863674686497 0.0403656812295
0 1.0 5.55022179418e-16 3.82937960261e-18
0 0.999999905855 9.41450221946e-08 5.70306278528e-16
0 0.999915118422 8.48815779733e-05 3.64757608269e-16
0 0.999999140126 8.58835578725e-07 1.03805117381e-09
0 2.14285604177e-13 0.794367013762 0.205632986238
0 1.0 7.59684820197e-19 9.48618885241e-18
0 1.0 2.72489253449e-15 6.64258993323e-28
0 0.999999992917 7.08243022915e-09 1.55256254925e-13
0 0.84364345968 0.156353275602 3.26471767348e-06
0 0.999927873493 7.21264851012e-05 2.14406658072e-11
0 1.0 9.1065106802e-17 1.2484324261e-15
0 0.999999915639 7.8870604659e-10 8.357212552e-08
0 1.0 3.25620322005e-19 6.52171053771e-22
0 1.0 1.55807031902e-15 1.32680661018e-35
0 0.999996971882 3.02811773379e-06 6.95870845244e-14
0 0.999999982032 1.69219945258e-08 1.0462084155e-09
1 1.93452719342e-12 0.999999971686 2.83115904136e-08
1 4.82441317629e-13 0.999999978848 2.11512659648e-08
1 0.994451117356 4.17348456906e-05 0.00550714779812
1 1.98273431751e-07 0.0325235131831 0.967476288543
1 4.52489188767e-08 0.99999994618 8.5713697154e-09
1 2.9628146545e-18 1.0 3.72126578561e-20
1 1.31444058719e-09 0.995826890724 0.00417310796166
1 1.28629963403e-06 0.00318736502386 0.996811348677
1 7.60022888186e-15 0.999999998618 1.38191259134e-09
1 9.20647987177e-10 0.00125875565548 0.998741243424
1 2.84620084034e-09 0.999999997154 7.42321662885e-14
1 1.11180052625e-09 0.988651490897 0.0113485079911
1 1.39553074598e-11 0.999999999986 2.34578484138e-13
1 6.4864805837e-22 1.0 2.21139093042e-15
1 0.00761391069912 0.00124665574177 0.991139433559
1 1.19141549073e-08 0.999999988086 6.47164336438e-15
1 1.05354244517e-06 0.9010638545 0.0989350919572
1 5.35414488361e-08 0.987873785597 0.0121261608611
1 2.05928845676e-17 0.296039870725 0.703960129275
1 2.56847863959e-12 0.999999999992 5.4829522218e-12
1 7.08971432825e-12 0.99999998125 1.87427826702e-08
1 2.04075282184e-11 0.998970775051 0.00102922492906
1 5.73190676621e-15 1.0 1.3449619328e-13
1 1.32180349242e-20 1.0 9.2891998229e-28
1 6.64691175053e-12 0.999999999993 7.09442926452e-13
1 3.12838425177e-20 0.999999999989 1.0822431741e-11
1 2.36655718804e-05 0.0301278489243 0.969848485504
1 8.94074245461e-16 1.0 1.30567534838e-15
1 4.89549636304e-10 0.99986087184 0.000139127670203
1 1.14780438068e-14 1.0 4.23499724785e-16
1 8.60399282183e-13 0.994423830035 0.0055761699644
1 0.0141034296204 0.407951861366 0.577944709013
1 8.50627130764e-09 3.12589810622e-09 0.999999988368
1 1.5660155984e-17 0.999999999994 5.64494078487e-12
1 6.30387441264e-13 0.999999999999 5.83758620543e-15
1 2.42941907791e-10 0.999999999757 2.94955837781e-14
1 2.45208467216e-13 1.0 4.09764559283e-18
1 7.46953941975e-06 0.999931676231 6.0854229781e-05
1 7.40823253661e-08 0.999999886476 3.94419943882e-08
1 4.28386917916e-07 0.999999571613 2.16243316831e-15
1 3.85134160717e-18 1.0 8.60908423589e-14
1 3.96393558893e-09 0.970232712094 0.0297672839419
1 1.67051346317e-12 0.999991638625 8.36137296606e-06
2 3.06676389555e-07 0.00401054192686 0.995989151397
2 8.01909852719e-20 1.82751390611e-10 0.999999999817
2 1.84258135258e-13 0.00104254433441 0.998957455665
2 2.26615801468e-06 5.97639458877e-12 0.999997733836
2 2.93936488058e-12 0.999998431066 1.56893145139e-06
2 3.95942696705e-14 4.56982791176e-07 0.999999543017
2 1.39443738547e-06 0.000111436238842 0.999887169324
2 3.38660327131e-20 1.58004919878e-12 0.999999999998
2 1.08988172298e-10 5.69103284869e-10 0.999999999322
2 6.51259709485e-07 0.00268990691929 0.997309441821
2 1.60431031485e-07 6.62406193637e-13 0.999999839568
2 3.2375998908e-11 0.00312487742585 0.996875122542
2 1.30373972813e-10 0.999999999058 8.11632276303e-10
2 3.01842292705e-08 0.98109193014 0.0189080396757
2 8.78720285388e-25 0.99999999992 8.02306445492e-11
2 0.000144028811635 0.950495951941 0.0493600192476
2 2.10809843601e-09 2.66862748872e-05 0.999973311617
2 1.92068571218e-05 3.78814142777e-10 0.999980792764
2 0.871009766897 0.128455248846 0.00053498425776
2 4.53221531281e-15 9.19925720948e-14 1.0
2 8.75610520362e-18 4.62037485782e-08 0.999999953796
2 2.21917806672e-20 1.90918236042e-11 0.999999999981
2 4.55057625332e-15 9.35146151742e-07 0.999999064854
2 4.97474363652e-13 1.61951600501e-05 0.999983804839
2 1.16869707142e-05 0.580608189281 0.419380123748
2 1.05386421915e-15 2.32307109589e-11 0.999999999977
2 3.02376517995e-22 1.99896217934e-11 0.99999999998
2 3.09708293118e-07 0.0631621729702 0.936837517322
2 1.56777329445e-12 0.000260075409887 0.999739924589
2 1.98168100739e-12 5.16568394334e-09 0.999999994832
2 2.01111164339e-15 5.242923155e-06 0.999994757077
2 6.10077234683e-09 0.148377512106 0.851622481793
2 2.76391233757e-17 8.19368338297e-08 0.999999918063
2 2.66365393805e-09 4.53478900914e-08 0.999999951988
2 5.62026219365e-19 0.00490229973497 0.995097700265
2 1.00708286946e-06 1.99994872094e-13 0.999998992917
2 9.80634475927e-07 6.85283675948e-10 0.99999901868
2 7.27415878242e-12 7.97314422257e-05 0.999920268551
2 2.14797640947e-18 5.09232435828e-07 0.999999490768
