0 0.999990949867 9.05013274522e-06 3.93495077071e-25
0 0.999767113919 0.000232886081163 2.94390233233e-20
0 0.999999893361 1.06639107326e-07 8.5395834778e-29
0 0.999999210954 7.8904591882e-07 1.01045003206e-22
0 0.999995555494 4.44450612294e-06 1.46178009203e-23
0 0.999995279394 4.72060579628e-06 8.51639043185e-20
0 0.999963185469 3.68145309842e-05 6.83959405958e-20
0 7.33385813246e-14 0.999594005844 0.000405994156071
0 0.740648475483 0.259351524517 2.58131848503e-23
0 0.9561803295 0.0438196705003 4.6368837687e-20
0 0.999998186528 1.81347247309e-06 1.63590531592e-26
0 0.999999999999 8.44878335282e-13 2.79763797822e-26
0 0.999999962785 3.72145151532e-08 8.59152158757e-19
0 0.999928933459 7.10665410369e-05 4.89160972216e-20
0 0.987563927062 0.0124360729378 1.21301312099e-19
0 1.96748048078e-05 0.999980325195 4.86721127709e-27
0 0.0127182220537 0.98527376248 0.00200801546675
0 0.192484717723 0.807515282277 5.22260715978e-22
0 0.988813935999 0.0111860640009 3.95830245978e-24
0 1.54064246442e-07 0.999999845936 1.61728739278e-20
0 4.66851731986e-15 1.0 1.59188196605e-34
0 1.0 3.91704212325e-15 1.90529565378e-30
0 0.951299329643 0.0487006703575 1.16506421851e-19
0 0.968746440071 0.0312535599276 1.19571080526e-12
0 0.999948762217 5.12377831266e-05 8.12093294091e-15
0 0.999989531274 1.04687255613e-05 5.40094866118e-24
0 0.999999711735 2.88265194583e-07 1.45867082485e-25
0 0.80600473766 0.19399526234 4.09857384458e-31
0 0.999999947264 5.27361911575e-08 3.99292952489e-21
0 0.999999999949 5.10847825457e-11 2.01324578535e-16
0 0.0224452941325 0.97755470586 7.22284598717e-12
0 0.016987053635 0.983012946365 1.23481355478e-21
0 0.307198119468 0.686746011914 0.00605586861741
0 0.999999999999 6.81915378466e-13 9.07046536127e-24
0 0.934186897686 0.0658131023139 6.48793813465e-20
0 0.977251241203 0.0227487587966 1.23652297854e-20
0 0.999926730965 7.32690348465e-05 1.88658443372e-17
0 2.94608303115e-12 0.999392241537 0.000607758459751
0 0.999999999983 1.71246650352e-11 1.5747786926e-21
0 0.996896973209 0.0031030267909 3.22640741778e-23
0 0.999997976798 2.02320214392e-06 4.13361377076e-21
0 1.61509196575e-05 0.99998384908 8.75307304474e-17
0 0.997366477616 0.00263352238378 5.87945402358e-17
0 0.99999999713 2.86953059273e-09 1.26280754353e-18
0 0.999846794428 0.000153205529432 4.22990019586e-11
0 0.999999996696 3.30440761225e-09 1.21097886029e-25
0 0.999998673864 1.32613563873e-06 1.81452426203e-33
0 0.997985498192 0.00201450180836 2.69169194167e-18
0 0.999161645446 0.000838354554441 7.37567612552e-17
1 1.31717891459e-07 0.999989841984 1.00262977581e-05
1 1.54087505072e-06 0.99998612491 1.2334214738e-05
1 0.999999997002 2.96360626219e-09 3.47316154657e-11
1 0.0580277777242 0.66403928561 0.277932936665
1 0.000285997744943 0.999714001904 3.51310530471e-10
1 1.01494803731e-14 0.999998108792 1.89120806872e-06
1 3.80768085442e-05 0.988659050343 0.0113028728485
1 0.0048812998916 0.969529321003 0.0255893791051
1 2.19806667793e-08 0.999777830722 0.000222147297819
1 2.12185639808e-06 0.00894761473395 0.99105026341
1 1.71002865415e-06 0.999998289971 6.59469831243e-14
1 4.41042661846e-05 0.833370062778 0.166585832956
1 1.58204119271e-06 0.999998050237 3.67722088595e-07
1 1.189440196e-14 0.998341594559 0.0016584054405
1 0.991840454078 0.00692812170947 0.00123142421294
1 9.87230051276e-06 0.999990127698 1.78828667961e-12
1 0.717652200107 0.227450374129 0.0548974257637
1 0.000470619669356 0.99951146149 1.79188404088e-05
1 4.45160449137e-10 0.00253240869933 0.997467590856
1 2.00046885379e-09 0.999999929612 6.83873643116e-08
1 6.97907122321e-06 0.999736603687 0.000256417241641
1 3.07151643992e-05 0.966751304972 0.0332179798633
1 1.07434659422e-10 0.999999999205 6.8802406623e-10
1 5.30037253642e-16 1.0 1.0115333381e-15
1 1.77709928489e-06 0.999998222601 2.99848332124e-10
1 5.95273911016e-14 1.0 4.43749648078e-14
1 0.149312804311 0.432949908598 0.417737287091
1 6.22866484179e-12 0.999999999989 5.16360281895e-12
1 3.98692560083e-06 0.999991654651 4.35842314552e-06
1 7.08032394964e-12 0.999999999993 1.63073097913e-18
1 1.50415678601e-06 0.026339471665 0.973659024178
1 0.781875264521 0.218102092039 2.26434400824e-05
1 0.000524749757721 0.00142965237229 0.99804559787
1 1.58902160376e-12 0.999999744167 2.5583126638e-07
1 1.02270378993e-08 0.999999989769 4.26419674943e-12
1 5.82411870839e-07 0.999999417584 4.24154990469e-12
1 6.76963607904e-10 0.999999999323 2.13348207436e-16
1 0.0972363625411 0.902762540743 1.09671550284e-06
1 0.000294289966564 0.999704257992 1.4520412413e-06
1 8.19973660116e-05 0.999918002634 9.95450541026e-14
1 1.18360043585e-11 0.999999999953 3.51944322306e-11
1 1.37676053933e-06 0.999985329144 1.32940957765e-05
1 2.42582412842e-05 0.968262082433 0.0317136593261
2 0.918292420095 0.0140616195053 0.0676459603996
2 2.73143865032e-18 1.03885972991e-14 1.0
2 2.25327773046e-07 0.99048826598 0.00951150869208
2 0.999678838703 3.26204574284e-11 0.000321161264297
2 4.45616673615e-08 0.999999902399 5.30394596184e-08
2 7.04955492996e-09 1.46675627347e-08 0.999999978283
2 0.898969885703 0.0217834770304 0.0792466372667
2 2.14206213491e-16 3.66723714466e-16 1.0
2 0.00288626791843 4.06372441099e-08 0.997113691444
2 5.94103366892e-08 1.54260953053e-09 0.999999939047
2 0.614846632475 5.9385327618e-10 0.385153366932
2 9.00312355318e-08 0.0235471719546 0.976452738014
2 4.76912009391e-06 0.999995230294 5.86133179854e-10
2 2.06560675462e-05 0.0083783029322 0.991601041
2 3.86963227795e-16 0.000655401064192 0.999344598936
2 0.491915235547 0.508081929842 2.83461087415e-06
2 0.01421218213 0.000889470021988 0.984898347848
2 0.999991659573 1.03853077877e-08 8.33004125028e-06
2 0.242756214032 0.757243785965 3.06770356132e-12
2 1.72489835464e-07 3.47786695032e-13 0.99999982751
2 1.79428385198e-14 2.51099293124e-11 0.999999999975
2 8.84854264842e-15 2.02065753102e-16 1.0
2 1.40716093997e-10 3.51429943368e-08 0.999999964716
2 2.81787053503e-09 9.11275285603e-08 0.999999906055
2 0.0559369547699 0.943125456606 0.000937588623972
2 2.96292353672e-12 1.04830451057e-13 0.999999999997
2 3.08708429039e-19 1.11539685903e-18 1.0
2 0.478821785621 0.0796536882866 0.441524526092
2 3.63369936484e-06 3.63447030556e-05 0.999960021598
2 2.79175420849e-07 8.07243478752e-12 0.999999720817
2 1.40213691413e-07 4.72373731782e-06 0.999995136049
2 0.10912404465 0.841519050443 0.0493569049073
2 2.2378854758e-11 1.84268122688e-09 0.999999998135
2 0.00343644883077 1.38589635151e-07 0.99656341258
2 9.8467012443e-13 0.000249144276591 0.999750855722
2 9.15335975165e-07 1.10415531155e-14 0.999999084664
2 0.999724864362 6.63641097396e-09 0.000275129001648
2 2.32502871086e-08 3.49231335293e-06 0.999996484436
2 1.731863311e-09 1.14313241323e-05 0.999988566944
