0 0.999951486535 2.78609962947e-51 4.85134652735e-05
0 1.0 6.56174888578e-72 1.10048693782e-50
0 1.0 5.23424879592e-166 1.21280919955e-135
0 1.0 2.35333963172e-58 4.21366489369e-37
0 1.0 0.0 0.0
0 1.0 3.21112708483e-183 4.72854146154e-119
0 1.0 2.77990118244e-106 1.72952664379e-66
0 0.999996185595 7.30182475144e-16 3.81440532767e-06
0 1.0 3.68698536243e-197 5.50177950843e-132
0 1.0 2.13596426806e-98 1.4258746708e-140
0 1.0 1.04971844073e-83 6.7988812547e-76
0 1.0 1.50876424507e-73 1.49233798186e-52
0 1.0 2.47275668844e-66 2.53522531326e-61
0 1.0 4.18690570373e-59 5.93396848396e-32
0 1.0 3.61476864066e-25 6.5784615813e-45
0 1.0 3.68393940082e-34 4.85245063386e-44
0 1.0 1.17188542112e-72 2.25441796148e-43
0 1.0 9.26460739663e-83 2.6405355598e-86
0 1.0 3.1580833066e-13 3.36893063574e-88
0 1.0 4.02087219553e-91 1.20444290081e-63
0 1.0 6.53921786684e-23 9.28095789681e-69
0 1.0 4.13035506013e-218 2.45943344609e-165
0 1.0 7.23600357683e-75 6.93979429896e-49
0 1.0 1.43496522482e-126 5.11823885479e-83
0 1.0 2.98867292513e-38 1.39923305745e-28
0 1.0 6.27701936278e-45 6.71067135218e-18
0 1.0 7.56347129494e-115 2.44829938289e-91
0 1.0 2.64891430377e-160 7.49941951531e-136
0 1.0 8.72089900747e-76 1.24211631732e-44
0 1.0 1.03358248954e-110 1.09542552463e-73
0 1.0 1.03082772961e-140 2.5582269094e-148
0 2.63493958793e-18 2.16437957551e-19 1.0
0 1.0 2.80241698496e-213 3.50530394284e-136
0 1.0 1.33414066664e-119 2.12680628082e-67
0 1.0 5.55845059373e-55 6.77628477865e-31
0 1.0 2.32561650049e-207 1.79485373075e-158
0 1.0 3.3828813883e-94 0.0
0 1.0 6.01217662242e-68 4.6488743181e-53
0 1.0 1.04548143298e-129 5.90480100569e-82
0 1.0 1.19662709948e-97 2.02480376277e-103
0 1.0 6.09407445514e-112 2.62121520006e-177
0 1.0 6.3454651448e-141 1.40747497622e-89
0 1.0 1.21761717821e-68 1.41305081628e-56
0 1.0 1.98268872787e-114 5.184928531e-254
0 1.0 5.82349868617e-101 4.57805873687e-74
0 9.74367225114e-93 1.09867147646e-05 0.999989013285
0 1.0 2.65952640248e-39 1.40647587553e-40
0 1.0 1.96805063366e-23 7.55454756972e-44
0 1.0 4.81927470113e-58 3.54215248379e-86
1 6.62798363897e-48 1.0 2.77481574914e-30
1 1.39406637161e-126 0.998772705677 0.00122729432252
1 1.27598189082e-54 1.0 7.0328268528e-20
1 8.08680529333e-261 1.0 3.93770288335e-295
1 4.73160285406e-159 1.0 9.4086100101e-64
1 1.22893378208e-43 1.0 3.96635429018e-19
1 1.08701873521e-60 1.0 2.622470224e-43
1 4.40436465578e-47 1.0 1.19422953103e-44
1 4.56021121858e-253 1.0 8.21246749443e-227
1 0.0 1.0 0.0
1 9.16150494755e-200 1.0 2.86595134185e-291
1 2.44973355581e-300 1.0 3.49121984081e-237
1 7.91799046865e-180 1.0 1.10233772295e-41
1 4.90215869791e-121 1.0 9.70389939247e-61
1 4.09823911672e-257 1.0 0.0
1 6.60512669464e-199 7.05398659453e-11 0.999999999929
1 2.0610648408e-297 1.0 0.0
1 9.41521574319e-215 1.0 1.63435723764e-144
1 2.2008503361e-185 1.0 6.43191964677e-137
1 2.38994548382e-207 1.0 1.93671821976e-223
1 2.54305756255e-134 1.0 1.50614147375e-100
1 0.0 1.0 0.0
1 5.58064446994e-50 1.0 7.75757084653e-35
1 6.04427796293e-102 1.0 1.55778166405e-261
1 1.61550310168e-134 1.0 6.32114807831e-115
1 5.81886478304e-163 1.0 7.69817673393e-47
1 2.41350075943e-186 1.0 2.30888177966e-98
1 5.45868656088e-56 0.00453706957336 0.995462930427
1 1.19045205646e-130 1.0 2.69475061767e-115
1 2.42971281143e-105 9.41942885959e-12 0.999999999991
1 4.56450196604e-100 3.65946786656e-17 1.0
1 3.88919076354e-145 1.0 8.02869505908e-146
1 1.58548894291e-173 1.0 1.61441323621e-144
1 2.82162307968e-81 1.0 3.47064045309e-26
1 3.7396129264e-252 1.0 4.36451532287e-264
1 1.7701557819e-231 1.0 3.14938066279e-41
1 4.44961893834e-91 1.0 2.21062389876e-59
1 1.41886521766e-97 0.969060607521 0.0309393924786
1 1.80743074373e-107 1.0 1.11214534363e-30
1 1.29383545875e-242 1.0 4.29304182929e-146
1 1.99925632413e-108 1.0 1.92883704179e-20
1 2.33257837346e-166 1.0 1.71264451762e-214
1 1.28619305644e-204 1.0 1.55381762345e-197
2 6.01153307592e-126 3.84660231196e-44 1.0
2 5.51082631996e-16 1.0 4.76935640045e-30
2 1.22141507104e-303 7.87738568629e-59 1.0
2 9.59827837848e-62 1.0 1.17558693565e-20
2 2.31226557073e-206 2.06132982703e-62 1.0
2 3.35099794759e-24 1.0 8.90757922926e-39
2 2.32626424012e-113 2.98413915844e-61 1.0
2 5.3134543929e-247 3.60882602115e-52 1.0
2 8.09894474928e-223 1.13378102925e-67 1.0
2 4.85626347885e-212 5.56460483818e-69 1.0
2 3.36994451283e-172 6.98727071505e-55 1.0
2 9.82319770608e-79 1.32774130737e-10 0.999999999867
2 4.16898105412e-89 4.11809199984e-25 1.0
2 2.3479419183e-85 1.98146873292e-31 1.0
2 1.14130868828e-213 5.68177613792e-53 1.0
2 1.08758513659e-160 1.0 8.55249953226e-83
2 2.23302997971e-255 1.0 1.1992508264e-69
2 2.62550618172e-105 2.55760037477e-51 1.0
2 2.27695446569e-143 4.00275789281e-54 1.0
2 1.10928675686e-95 1.07357181036e-76 1.0
2 4.19203652432e-251 1.77480238281e-56 1.0
2 4.25253365985e-207 5.51179741448e-56 1.0
2 1.71421310796e-143 5.63848856032e-50 1.0
2 3.61518642502e-130 2.63968529475e-62 1.0
2 0.0 3.09973751496e-71 1.0
2 2.84744630685e-242 1.19296609566e-57 1.0
2 3.91765153607e-167 7.22508415638e-34 1.0
2 1.39084360851e-94 3.22554319618e-39 1.0
2 3.23552261873e-70 1.0 2.44969892797e-18
2 0.0 6.35719799241e-79 1.0
2 7.94851013526e-116 2.30127882989e-41 1.0
2 1.9258671941e-183 4.81047319348e-45 1.0
2 2.06916219116e-185 3.40563805787e-42 1.0
2 5.28613334712e-125 2.84411144971e-37 1.0
2 2.90063707389e-79 2.71428407668e-34 1.0
2 1.13967352706e-152 1.64887934174e-31 1.0
2 1.05711650615e-146 1.88648796977e-81 1.0
2 9.15234565517e-96 3.61284014976e-34 1.0
2 1.70901186099e-156 3.1199303822e-22 1.0
