0 0.999951486535 2.78609962957e-51 4.85134652757e-05
0 1.0 6.56174888577e-72 1.10048693783e-50
0 1.0 5.23424879594e-166 1.21280919957e-135
0 1.0 2.35333963172e-58 4.2136648937e-37
0 1.0 0.0 0.0
0 1.0 3.21112708482e-183 4.72854146157e-119
0 1.0 2.77990118244e-106 1.7295266438e-66
0 0.999996185595 7.30182475143e-16 3.81440532767e-06
0 1.0 3.68698536242e-197 5.50177950847e-132
0 1.0 2.13596426806e-98 1.42587467081e-140
0 1.0 1.04971844073e-83 6.79888125473e-76
0 1.0 1.50876424507e-73 1.49233798187e-52
0 1.0 2.47275668844e-66 2.53522531327e-61
0 1.0 4.18690570374e-59 5.933968484e-32
0 1.0 3.61476864068e-25 6.57846158137e-45
0 1.0 3.68393940084e-34 4.8524506339e-44
0 1.0 1.17188542112e-72 2.2544179615e-43
0 1.0 9.26460739662e-83 2.64053555982e-86
0 1.0 3.15808330661e-13 3.36893063577e-88
0 1.0 4.02087219554e-91 1.20444290082e-63
0 1.0 6.53921786693e-23 9.28095789695e-69
0 1.0 4.13035506013e-218 2.45943344611e-165
0 1.0 7.23600357682e-75 6.93979429899e-49
0 1.0 1.43496522481e-126 5.11823885481e-83
0 1.0 2.98867292515e-38 1.39923305747e-28
0 1.0 6.27701936284e-45 6.71067135226e-18
0 1.0 7.56347129495e-115 2.44829938291e-91
0 1.0 2.64891430377e-160 7.49941951537e-136
0 1.0 8.72089900747e-76 1.24211631733e-44
0 1.0 1.03358248953e-110 1.09542552464e-73
0 1.0 1.0308277296e-140 2.55822690942e-148
0 2.6349395879e-18 2.1643795755e-19 1.0
0 1.0 2.80241698499e-213 3.50530394291e-136
0 1.0 1.33414066664e-119 2.12680628083e-67
0 1.0 5.55845059371e-55 6.77628477866e-31
0 1.0 2.32561650049e-207 1.79485373077e-158
0 1.0 3.38288138836e-94 0.0
0 1.0 6.01217662246e-68 4.64887431814e-53
0 1.0 1.04548143297e-129 5.90480100573e-82
0 1.0 1.19662709949e-97 2.02480376279e-103
0 1.0 6.09407445534e-112 2.62121520015e-177
0 1.0 6.34546514479e-141 1.40747497623e-89
0 1.0 1.21761717822e-68 1.4130508163e-56
0 1.0 1.9826887279e-114 5.18492853111e-254
0 1.0 5.82349868618e-101 4.57805873691e-74
0 9.74367224926e-93 1.09867147645e-05 0.999989013285
0 1.0 2.65952640248e-39 1.40647587553e-40
0 1.0 1.96805063367e-23 7.55454756976e-44
0 1.0 4.81927470115e-58 3.54215248382e-86
1 6.62798363877e-48 1.0 2.77481574914e-30
1 1.39406637148e-126 0.998772705677 0.00122729432252
1 1.27598189076e-54 1.0 7.03282685279e-20
1 8.08680529307e-261 1.0 3.93770288334e-295
1 4.73160285363e-159 1.0 9.40861001013e-64
1 1.22893378205e-43 1.0 3.96635429019e-19
1 1.08701873519e-60 1.0 2.62247022401e-43
1 4.40436465562e-47 1.0 1.19422953103e-44
1 4.56021121841e-253 1.0 8.21246749444e-227
1 0.0 1.0 0.0
1 9.16150494737e-200 1.0 2.86595134186e-291
1 2.44973355545e-300 1.0 3.49121984083e-237
1 7.91799046798e-180 1.0 1.10233772296e-41
1 4.90215869759e-121 1.0 9.70389939251e-61
1 4.0982391165e-257 1.0 0.0
1 6.60512669363e-199 7.05398659447e-11 0.999999999929
1 2.06106484073e-297 1.0 0.0
1 9.4152157429e-215 1.0 1.63435723765e-144
1 2.20085033597e-185 1.0 6.43191964677e-137
1 2.38994548372e-207 1.0 1.93671821976e-223
1 2.5430575625e-134 1.0 1.50614147375e-100
1 0.0 1.0 0.0
1 5.58064446973e-50 1.0 7.75757084655e-35
1 6.04427796236e-102 1.0 1.55778166405e-261
1 1.61550310165e-134 1.0 6.32114807832e-115
1 5.8188647825e-163 1.0 7.69817673398e-47
1 2.41350075904e-186 1.0 2.30888177968e-98
1 5.45868656081e-56 0.00453706957336 0.995462930427
1 1.19045205642e-130 1.0 2.69475061768e-115
1 2.42971281132e-105 9.41942885957e-12 0.999999999991
1 4.56450196585e-100 3.65946786656e-17 1.0
1 3.88919076345e-145 1.0 8.02869505909e-146
1 1.58548894285e-173 1.0 1.61441323621e-144
1 2.82162307958e-81 1.0 3.47064045309e-26
1 3.73961292614e-252 1.0 4.36451532289e-264
1 1.77015578167e-231 1.0 3.14938066282e-41
1 4.44961893818e-91 1.0 2.21062389876e-59
1 1.41886521753e-97 0.969060607521 0.0309393924788
1 1.80743074366e-107 1.0 1.11214534363e-30
1 1.29383545862e-242 1.0 4.29304182933e-146
1 1.99925632407e-108 1.0 1.92883704179e-20
1 2.3325783734e-166 1.0 1.71264451762e-214
1 1.28619305641e-204 1.0 1.55381762345e-197
2 6.01153307569e-126 3.84660231196e-44 1.0
2 5.51082631981e-16 1.0 4.76935640047e-30
2 1.2214150708e-303 7.87738568622e-59 1.0
2 9.598278378e-62 1.0 1.17558693565e-20
2 2.31226557053e-206 2.06132982703e-62 1.0
2 3.35099794747e-24 1.0 8.90757922928e-39
2 2.32626423996e-113 2.98413915844e-61 1.0
2 5.31345439227e-247 3.60882602113e-52 1.0
2 8.0989447488e-223 1.13378102925e-67 1.0
2 4.85626347861e-212 5.56460483817e-69 1.0
2 3.36994451269e-172 6.98727071504e-55 1.0
2 9.82319770574e-79 1.32774130737e-10 0.999999999867
2 4.16898105399e-89 4.11809199983e-25 1.0
2 2.34794191822e-85 1.98146873292e-31 1.0
2 1.14130868818e-213 5.6817761379e-53 1.0
2 1.08758513655e-160 1.0 8.55249953227e-83
2 2.23302997941e-255 1.0 1.19925082641e-69
2 2.62550618165e-105 2.55760037476e-51 1.0
2 2.2769544656e-143 4.0027578928e-54 1.0
2 1.10928675684e-95 1.07357181036e-76 1.0
2 4.19203652381e-251 1.7748023828e-56 1.0
2 4.25253365952e-207 5.51179741446e-56 1.0
2 1.71421310791e-143 5.63848856033e-50 1.0
2 3.61518642451e-130 2.63968529473e-62 1.0
2 0.0 3.09973751494e-71 1.0
2 2.84744630652e-242 1.19296609566e-57 1.0
2 3.9176515359e-167 7.22508415635e-34 1.0
2 1.39084360846e-94 3.22554319616e-39 1.0
2 3.23552261859e-70 1.0 2.44969892798e-18
2 0.0 6.35719799229e-79 1.0
2 7.94851013503e-116 2.30127882989e-41 1.0
2 1.92586719394e-183 4.81047319344e-45 1.0
2 2.06916219101e-185 3.40563805786e-42 1.0
2 5.2861333469e-125 2.8441114497e-37 1.0
2 2.90063707381e-79 2.71428407667e-34 1.0
2 1.13967352702e-152 1.64887934174e-31 1.0
2 1.05711650606e-146 1.88648796976e-81 1.0
2 9.15234565453e-96 3.61284014974e-34 1.0
2 1.70901186093e-156 3.11993038219e-22 1.0
