0 1.0 7.91576687218e-27 9.11287200531e-20
0 1.0 5.89602590407e-19 1.81044709885e-21
0 1.0 2.42084803023e-32 2.17849761671e-28
0 1.0 9.09053830118e-19 4.80123745786e-14
0 1.0 9.43670385377e-86 1.02654993074e-110
0 1.0 3.62110596028e-35 2.54493516519e-30
0 1.0 6.04426125093e-26 1.56221901483e-25
0 0.954941914228 1.1913245978e-12 0.0450580857706
0 1.0 9.30055397284e-37 3.42984916686e-34
0 1.0 8.82883175383e-30 1.84699687768e-27
0 1.0 2.29419048792e-24 4.30435667663e-20
0 1.0 6.86802737956e-20 3.83407934783e-14
0 1.0 1.01382630502e-26 8.77674303856e-18
0 0.999999999144 1.40108336105e-17 8.56257176971e-10
0 0.999999999604 3.03270204408e-10 9.25427695543e-11
0 1.0 1.44886055647e-18 2.60427350421e-18
0 1.0 1.17285671112e-22 6.56105317058e-19
0 1.0 6.24378549076e-27 1.60518561701e-26
0 1.0 3.46544324775e-14 3.93197029567e-22
0 1.0 3.07438837126e-24 2.3553327773e-20
0 0.999999999869 1.30504163447e-10 1.80713236071e-14
0 1.0 2.72786155669e-38 4.44612459942e-28
0 1.0 6.70088556878e-24 1.94308680986e-20
0 1.0 8.33759849093e-30 2.22539443515e-28
0 0.999999999777 3.71869570753e-13 2.2311081476e-10
0 0.999999932013 9.6261911072e-12 6.79774627599e-08
0 1.0 6.77202851619e-30 7.67001190096e-22
0 1.0 4.25008808757e-33 1.68120432673e-35
0 1.0 1.12968189189e-22 1.09561418985e-17
0 1.0 2.25011201968e-33 7.40740232916e-27
0 1.0 7.98564427924e-35 2.6906279399e-32
0 0.00267361538169 1.83417412424e-12 0.997326384616
0 1.0 4.37359334539e-37 1.65833786553e-29
0 1.0 6.94555369196e-28 1.89982046986e-23
0 1.0 4.73153894111e-25 2.54413499316e-17
0 1.0 2.83768618651e-37 3.27357481089e-33
0 1.0 1.56779801296e-19 2.03679820982e-27
0 0.999999870194 4.3929375287e-24 1.2980595058e-07
0 1.0 7.67896685701e-35 3.67742493013e-30
0 1.0 5.12651833213e-26 1.9779777907e-24
0 1.0 8.59709735061e-18 7.55281679997e-23
0 1.0 3.71199750771e-33 2.31714183636e-26
0 1.0 1.53061959605e-22 2.21805506253e-19
0 1.0 1.45197887294e-15 7.90823604071e-25
0 1.0 2.7678745786e-24 1.48222953047e-21
0 0.999952271584 4.772841234e-05 3.32440676594e-12
0 1.0 2.16866067156e-23 1.89415565187e-17
0 0.999999999998 2.86808425698e-13 1.60676947808e-12
0 1.0 5.33299277232e-22 2.98495921793e-20
1 8.24296643538e-12 0.999984558749 1.54412425665e-05
1 1.70589609328e-16 0.00117041170856 0.998829588291
1 1.28814723715e-14 0.999975144251 2.48557489247e-05
1 1.62876100054e-23 0.9999989754 1.02459984493e-06
1 1.00763128768e-22 0.924911368081 0.0750886319189
1 1.09341365381e-13 0.004306747109 0.995693252891
1 1.86991461274e-10 0.999959890619 4.01091943131e-05
1 8.31185421487e-13 0.999999775894 2.24105482749e-07
1 2.88662396807e-24 0.567448042504 0.432551957496
1 1.5513651734e-23 0.999999999999 6.98408633917e-13
1 8.89553070529e-13 0.999999999833 1.65785552346e-10
1 3.73298965012e-31 1.0 4.36567826863e-16
1 6.00644142958e-15 0.999999825212 1.74787576728e-07
1 1.36740679007e-13 0.99999996614 3.38600668029e-08
1 2.47392928882e-27 1.0 3.92227458495e-17
1 3.88283259541e-14 0.00573007303077 0.994269926969
1 2.17293662923e-27 1.0 1.51747030492e-23
1 3.28318213489e-25 0.96110361892 0.0388963810796
1 2.3538541942e-25 0.999999913936 8.60639847226e-08
1 2.69088803508e-24 0.999999999277 7.23022095899e-10
1 5.02994643725e-15 0.999967667686 3.23323137259e-05
1 9.89794206967e-22 0.99999999725 2.7500504709e-09
1 2.07379426141e-11 0.99043341208 0.00956658789964
1 2.51440264024e-05 0.999974855974 8.95424825457e-25
1 4.02197228864e-18 0.999990859349 9.14065109044e-06
1 6.25888682783e-15 0.999628137766 0.000371862234019
1 6.29400920575e-16 0.999786645426 0.000213354574029
1 9.32418904142e-05 0.888037680652 0.111869077458
1 1.00667040498e-21 1.0 2.06193339149e-13
1 6.05228086161e-26 0.000611942458369 0.999388057542
1 1.26659318352e-19 0.502126381754 0.497873618246
1 3.84358494059e-13 0.979881836967 0.0201181630331
1 4.89470263261e-23 0.999999996821 3.17884956006e-09
1 1.04295651069e-12 0.445297922067 0.554702077932
1 1.25500630897e-18 0.999999987719 1.22807312833e-08
1 2.4419956607e-20 0.998954625328 0.00104537467247
1 2.13665345795e-16 0.998839924861 0.00116007513865
1 4.38425439712e-13 0.913198267199 0.0868017328004
1 1.72800519586e-19 2.16878214151e-05 0.999978312179
1 3.43942511494e-19 0.999944676157 5.5323842879e-05
1 3.95913107003e-20 0.101362851387 0.898637148613
1 4.2991471057e-21 0.999999999971 2.9093373335e-11
1 3.85958751376e-23 0.99999999869 1.31038549943e-09
1 1.59583045813e-27 1.76431967304e-12 0.999999999998
2 2.0848305292e-05 0.000720255798465 0.999258895896
2 5.87790099205e-25 6.04439464889e-11 0.99999999994
2 1.35608337568e-17 0.998147786759 0.00185221324092
2 4.98575359537e-29 2.76427767163e-14 1.0
2 6.21172152311e-13 1.24040364735e-05 0.999987595963
2 2.92939391341e-19 0.0129579872531 0.987042012747
2 2.45267205932e-28 8.02571934305e-08 0.999999919743
2 4.13017112703e-36 2.38976758158e-16 1.0
2 4.01570666885e-35 1.17532164099e-15 1.0
2 5.2698109215e-31 1.27238027559e-13 1.0
2 8.96087365166e-21 7.55708468649e-07 0.999999244292
2 1.86471308643e-15 9.56355091627e-06 0.999990436449
2 6.96238094154e-13 2.75031703661e-13 0.999999999999
2 2.86073237414e-28 1.19842941831e-13 1.0
2 1.79630386282e-21 0.813832418996 0.186167581004
2 2.94297748043e-12 1.35041316734e-08 0.999999986493
2 1.84973575971e-19 7.4177292192e-09 0.999999992582
2 8.1691035333e-31 3.54082134724e-13 1.0
2 9.344711022e-07 4.0922359735e-08 0.999999024607
2 1.14609229985e-31 1.93037084862e-13 1.0
2 1.16421510434e-29 1.69649871726e-13 1.0
2 2.07928486503e-28 4.56874546755e-14 1.0
2 0.0333163210261 1.96293647527e-11 0.966683678954
2 2.74292277061e-36 1.12511426627e-16 1.0
2 2.27377788139e-31 1.28257830222e-12 0.999999999999
2 2.05273603103e-24 8.84968954509e-09 0.99999999115
2 8.1549258007e-13 1.12789437013e-05 0.999988721055
2 1.73280136182e-12 0.574775385747 0.425224614251
2 6.17879822096e-27 9.47077179531e-14 1.0
2 1.31674846738e-25 2.483521116e-11 0.999999999975
2 1.02441445637e-14 6.94143634527e-10 0.999999999306
2 4.67696568656e-24 1.39570686076e-09 0.999999998604
2 6.05856264437e-30 3.77266380641e-12 0.999999999996
2 5.89762427653e-11 3.79222850384e-06 0.999996207713
2 6.02926715968e-29 1.7454223159e-08 0.999999982546
2 6.28967836506e-19 6.58690967604e-14 1.0
2 2.12124112298e-09 0.000474263123959 0.999525734755
2 3.2896286507e-26 4.47179623435e-08 0.999999955282
