0 1.0 5.93171733935e-27 1.35436239964e-21
0 1.0 4.15621612484e-17 1.42639806253e-26
0 1.0 1.77164801471e-22 7.89007975754e-25
0 1.0 1.30615254753e-23 6.99376961054e-24
0 3.72400837582e-35 1.0 4.87973538101e-106
0 1.0 3.37644528008e-30 4.14741169433e-26
0 1.0 1.90322649001e-24 4.24652870764e-26
0 0.999975770646 1.979509292e-14 2.42293534937e-05
0 1.0 5.3439269867e-29 2.30260377125e-27
0 1.0 7.09084721163e-27 5.92297066025e-34
0 1.0 7.04675157613e-24 1.32638838153e-24
0 0.999999999999 4.14583412771e-16 8.70735352232e-13
0 1.0 5.99179617682e-28 2.31815742041e-21
0 1.0 1.91594147293e-20 1.24301708398e-13
0 0.999999999362 6.38276861798e-10 1.00000978586e-21
0 1.0 1.1357402599e-20 1.39945566317e-23
0 1.0 1.42065979105e-23 4.1367373656e-20
0 1.0 1.77161290279e-27 8.54430976915e-33
0 0.999999999999 8.98784224537e-13 8.30975776132e-36
0 1.0 2.77599449511e-23 1.42618297708e-19
0 0.999901949512 9.80504878343e-05 1.67314856106e-18
0 1.0 4.00434326046e-29 6.26713988127e-21
0 1.0 1.25491478689e-25 1.17617360541e-24
0 1.0 3.80833506066e-29 9.09859785567e-28
0 0.99999999916 4.62805735812e-11 7.93597348198e-10
0 0.999999999987 2.99120860854e-13 1.26017865574e-11
0 1.0 8.49825124758e-28 2.50602845385e-23
0 1.0 1.04897545159e-23 3.0261777474e-36
0 1.0 6.28152736439e-25 2.25268202635e-21
0 1.0 1.11044250297e-32 5.06352689237e-29
0 1.0 6.47924308728e-28 6.1788260367e-29
0 4.19683780426e-08 1.55602862459e-12 0.99999995803
0 1.0 5.07143166516e-27 4.02724905898e-22
0 1.0 3.08282895172e-27 7.41218617715e-22
0 1.0 1.75632743918e-29 4.91615069302e-28
0 1.0 7.51413829866e-28 2.18094262141e-29
0 1.18921725032e-17 1.0 1.07328078749e-55
0 0.999999974623 7.86571101106e-25 2.53772065004e-08
0 1.0 2.31113277376e-32 1.32096637396e-28
0 1.0 1.31893888444e-21 1.05871523455e-29
0 1.29013256976e-09 0.99999999871 3.09363048067e-34
0 1.0 7.28622609312e-31 2.48593548304e-25
0 1.0 2.48688450717e-23 2.90086288961e-26
0 0.0521580035835 0.947841996416 7.85376565598e-31
0 1.0 7.50435335206e-23 6.16147697188e-25
0 5.55339161311e-27 1.0 8.36182207514e-15
0 1.0 2.99712981416e-26 1.28712919539e-26
0 1.0 1.74750942835e-17 6.78355950312e-25
0 1.0 2.23399242744e-20 2.65134351647e-28
1 4.50633120171e-25 1.0 8.32951400107e-15
1 1.05347187131e-23 0.977366769165 0.0226332308355
1 2.06466885273e-32 1.0 1.43572545064e-22
1 9.88875610044e-29 1.0 7.16292302907e-24
1 1.41288715497e-28 0.999978859316 2.11406844105e-05
1 5.76161506293e-18 0.00358736495275 0.996412635047
1 4.75909381621e-08 0.999999952409 2.12415976727e-15
1 9.12941844307e-14 1.0 7.97744684381e-18
1 4.82025738355e-32 0.990524742135 0.00947525786499
1 3.39384220579e-33 1.0 2.83986505711e-43
1 3.78291664061e-21 1.0 3.97361340728e-28
1 3.20532706721e-55 1.0 2.78265895869e-41
1 1.88072859456e-50 0.999999999975 2.49098721813e-11
1 3.32284531833e-14 1.0 8.24231959903e-16
1 1.97655561258e-40 1.0 4.42325435678e-34
1 2.19344219545e-13 0.54299599404 0.45700400596
1 3.00547732151e-33 1.0 3.78294253537e-51
1 4.85884200135e-36 0.99999996924 3.07595714523e-08
1 2.25770497459e-31 1.0 2.12051210198e-13
1 7.01516574048e-26 1.0 1.64118915989e-23
1 3.89926048444e-17 0.999999999867 1.3307598555e-10
1 3.96246062725e-24 1.0 1.719570447e-23
1 5.2032913944e-18 0.999999999994 5.92418521666e-12
1 2.82483647845e-39 1.0 2.98790896978e-79
1 1.50841451876e-27 1.0 7.50389704781e-21
1 9.50153773434e-17 0.99999999941 5.89738482941e-10
1 2.92100779516e-35 1.0 1.09674393329e-25
1 0.000170802826057 0.999442484676 0.0003867124977
1 2.24838533736e-23 1.0 3.18490528184e-29
1 9.51200814438e-32 0.944931491828 0.0550685081716
1 7.77732206007e-19 0.937691087464 0.0623089125364
1 6.1256767384e-20 0.999999999932 6.78537097484e-11
1 2.47610504388e-28 1.0 6.72616204425e-25
1 5.15663981889e-29 0.999999999995 4.77167674646e-12
1 5.46961162142e-25 1.0 7.1987295282e-21
1 3.43208388353e-18 1.0 5.70216610084e-14
1 2.13981404007e-21 1.0 4.59383512843e-14
1 3.55971141506e-18 0.999999809494 1.90506094022e-07
1 3.84736629055e-33 7.02994442113e-05 0.999929700556
1 3.60063013403e-34 1.0 4.34977460659e-18
1 5.5509946581e-31 0.000145001209242 0.999854998791
1 5.44399135084e-28 1.0 1.83385419845e-36
1 1.65394315808e-29 1.0 2.69322388377e-21
2 1.75772073225e-42 1.68098797183e-12 0.999999999998
2 4.85466577339e-07 0.999988148562 1.13659714875e-05
2 1.35791332262e-31 4.20586750008e-08 0.999999957941
2 5.54517987188e-23 1.0 2.45643578285e-13
2 5.24457187806e-44 3.28897845744e-14 1.0
2 1.85410774468e-18 0.998900497473 0.00109950252741
2 1.09230675783e-26 0.996807943462 0.0031920565379
2 8.1495486892e-56 1.39205627442e-12 0.999999999999
2 8.46458641661e-64 2.84080466617e-12 0.999999999997
2 8.09625451739e-57 1.54646277244e-12 0.999999999998
2 7.34928605521e-43 3.3977155099e-12 0.999999999997
2 1.28765920863e-26 0.00311366531305 0.996886334687
2 2.2304884285e-21 1.39090089906e-09 0.999999998609
2 5.88338972609e-20 8.1600467355e-13 0.999999999999
2 5.66761228053e-48 2.34993287873e-10 0.999999999765
2 8.79398376854e-37 0.00107657394162 0.998923426058
2 3.64049754291e-07 0.000245330507861 0.999754305442
2 2.14241715773e-35 6.65498463138e-12 0.999999999993
2 4.6397861178e-49 1.56697695948e-14 1.0
2 2.38979103487e-15 5.39768935412e-07 0.999999460231
2 7.35026129533e-44 1.12819969983e-11 0.999999999989
2 1.1131089478e-45 5.05002333795e-10 0.999999999495
2 2.53123348996e-37 2.57391141545e-12 0.999999999997
2 2.80730866495e-09 7.09417069496e-10 0.999999996483
2 1.102716252e-66 1.13848877602e-14 1.0
2 3.85350856657e-43 3.87875270996e-10 0.999999999612
2 2.02967874471e-39 1.89802558033e-06 0.999998101974
2 2.42119010579e-19 1.33589402731e-08 0.999999986641
2 1.17576808962e-29 0.999957585645 4.24143553681e-05
2 4.99567037616e-30 1.64960496423e-11 0.999999999984
2 8.43353459587e-36 9.07150567394e-13 0.999999999999
2 3.48937738714e-19 1.08520889527e-09 0.999999998915
2 4.13455322268e-32 5.20415067155e-10 0.99999999948
2 1.6925715696e-47 6.7414755713e-13 0.999999999999
2 7.69310420865e-11 1.13120077368e-05 0.999988687915
2 1.68208621276e-40 2.21428483682e-11 0.999999999978
2 6.12319409686e-41 6.35703733743e-17 1.0
2 1.2942229516e-13 1.51489141368e-05 0.999984851086
2 2.58772502118e-43 8.62650117025e-13 0.999999999999
