0 1.0 1.02248736193e-23 1.08058997419e-19
0 1.0 4.17527046365e-16 2.13468177272e-25
0 1.0 5.24907145859e-19 8.56425586506e-26
0 1.0 1.68942436121e-21 3.12807759657e-22
0 1.17505751478e-40 1.0 1.23003503626e-138
0 1.0 1.66185643523e-25 8.72075450523e-31
0 1.0 1.04384326901e-21 2.12394001406e-25
0 0.999976093463 8.48483188773e-14 2.39065367959e-05
0 1.0 1.74090549589e-25 1.27242272076e-27
0 1.0 9.28216109254e-25 1.3778989687e-35
0 1.0 1.21051461755e-21 2.70063754492e-24
0 0.999999999989 8.89729330895e-14 1.08431646281e-11
0 1.0 1.16949954294e-24 2.07522007116e-17
0 0.999999999997 1.23900509814e-17 2.65181499641e-12
0 0.999999999915 8.54949311973e-11 7.43004731272e-19
0 1.0 2.67386065855e-18 6.55985316189e-24
0 1.0 2.01227064245e-20 3.04292809403e-21
0 1.0 2.24875699354e-24 3.7991517367e-34
0 1.0 3.56541621634e-14 7.24646444038e-34
0 1.0 1.38211535538e-20 5.48165317804e-19
0 0.999770422994 0.000229577006397 3.8350697917e-17
0 1.0 9.3839444729e-26 1.99040323228e-22
0 1.0 8.50697367265e-23 9.22099543842e-24
0 1.0 1.37071289021e-25 1.82494815053e-27
0 0.999999968846 3.81235220176e-09 2.73419164275e-08
0 0.999999994757 9.07797740215e-11 5.15243489246e-09
0 1.0 2.24137035691e-24 2.21654454605e-22
0 1.0 5.91034212342e-22 1.10814633902e-38
0 1.0 4.83079416883e-22 8.01094159855e-19
0 1.0 7.89436956157e-29 1.64990847591e-30
0 1.0 4.7834641092e-25 5.58563702599e-30
0 1.86588586652e-06 1.22684889276e-09 0.999998132887
0 1.0 8.80603810363e-23 1.29046238828e-22
0 1.0 1.01013701798e-23 1.94297061112e-21
0 1.0 5.19028491427e-27 3.29985784971e-25
0 1.0 1.93893875024e-24 3.94216453421e-30
0 3.60479510502e-16 1.0 1.3770883857e-59
0 0.999999767168 2.28042622955e-21 2.32832157907e-07
0 1.0 1.31267779702e-28 5.38315516843e-28
0 1.0 1.05044880572e-18 5.86695768985e-33
0 2.84907515706e-09 0.999999997151 1.48374531179e-34
0 1.0 1.11371324954e-26 1.09509778646e-26
0 1.0 9.20710515318e-21 1.03899642104e-26
0 0.0484503760616 0.951549623938 1.20083506362e-32
0 1.0 2.19282311982e-20 1.16015602646e-23
0 4.96098571135e-28 0.999999995835 4.16497480295e-09
0 1.0 5.78182453866e-24 2.3944990659e-25
0 1.0 5.58490775505e-17 3.91765906781e-20
0 1.0 8.74687620597e-19 4.59588542137e-28
1 1.3505810062e-22 0.999999999993 6.71372806503e-12
1 1.67539165157e-23 0.999891281761 0.000108718238866
1 5.05666042336e-31 1.0 6.14723699425e-19
1 2.543054025e-24 1.0 4.54724411688e-17
1 3.83575503706e-28 0.935873746487 0.0641262535127
1 1.74745826322e-17 0.011143075373 0.988856924627
1 9.11073138931e-09 0.999999990889 3.33057825615e-16
1 5.51506265136e-13 0.999999999999 1.58207573003e-14
1 3.8696021255e-33 1.82092371677e-05 0.999981790763
1 2.09887604331e-22 1.0 1.12513647971e-21
1 5.16245931965e-15 1.0 6.84272243535e-18
1 4.69682960245e-46 1.0 2.98272228345e-23
1 2.14750152774e-48 0.999999999812 1.88383592192e-10
1 3.40674356742e-14 1.0 3.40486603468e-14
1 6.19531126471e-37 1.0 1.852643129e-22
1 6.40283833629e-14 0.993819768889 0.0061802311107
1 3.24215289078e-22 1.0 1.52580478753e-32
1 3.22120703519e-32 0.717017569459 0.282982430541
1 1.19868487005e-29 0.999999991712 8.28836458591e-09
1 7.55967727536e-22 0.999999999999 1.19225294284e-12
1 5.61981332167e-16 0.999966026074 3.39739256941e-05
1 2.10309633096e-18 0.999999999946 5.35069521945e-11
1 3.95880757081e-16 0.999999979699 2.03009346953e-08
1 8.6627426308e-31 1.0 4.08517798276e-74
1 6.20012324059e-24 1.0 7.15839190437e-16
1 4.92443836199e-16 0.999999999998 2.13391489455e-12
1 5.1556936748e-33 1.0 2.04863559434e-24
1 1.98376573797e-05 0.999962539069 1.76232737831e-05
1 2.94627084672e-20 1.0 1.30714985008e-21
1 2.62217092967e-31 0.555790042433 0.444209957567
1 8.39846337566e-21 0.0829082800858 0.917091719914
1 2.91463454889e-16 0.999986829179 1.3170820859e-05
1 1.01347337522e-22 1.0 9.02909811912e-14
1 6.32480468264e-26 0.999999675774 3.24225599086e-07
1 2.73655625552e-21 1.0 7.70940527442e-17
1 5.99398219544e-18 1.0 4.06909672496e-14
1 1.51271016213e-19 0.999999999988 1.22969757748e-11
1 1.12535467642e-18 0.999999999966 3.3821990415e-11
1 7.54940614289e-33 7.57369931506e-06 0.999992426301
1 1.58545072533e-29 0.999999999989 1.07478446698e-11
1 5.45160971651e-32 1.11330855133e-06 0.999998886691
1 4.19671627981e-22 1.0 1.29712100045e-26
1 1.17525579525e-24 0.999999962657 3.73431909488e-08
2 4.08561604576e-36 8.13332191994e-09 0.999999991867
2 7.71007166193e-09 0.999999992287 3.10485531274e-12
2 1.8544276247e-26 0.000132786427981 0.999867213572
2 9.65646318385e-25 1.0 7.52512605295e-21
2 6.76110686134e-40 9.36198910603e-12 0.999999999991
2 1.26775481026e-18 0.949625790205 0.0503742097949
2 6.16643217518e-29 0.994254663491 0.00574533650896
2 4.48111739811e-52 2.78414330965e-10 0.999999999722
2 4.64580112718e-57 8.21251007654e-10 0.999999999179
2 7.23485049251e-51 1.42608136863e-09 0.999999998574
2 2.42459866449e-39 1.03540081294e-10 0.999999999896
2 1.55286128206e-26 0.00304158527224 0.996958414728
2 5.42180996031e-19 4.29877302138e-06 0.999995701227
2 4.50795350794e-20 2.28645434231e-11 0.999999999977
2 2.28309453945e-42 8.03558086655e-08 0.999999919644
2 1.70806609501e-39 2.58137306224e-06 0.999997418627
2 7.80272840761e-05 0.00450766009028 0.995414312626
2 1.03975944081e-33 4.63750866138e-10 0.999999999536
2 2.7992794915e-45 4.77052991187e-12 0.999999999995
2 1.05293477806e-11 0.000270039174022 0.999729960815
2 9.71297984077e-41 7.40639775656e-09 0.999999992594
2 7.28530284824e-42 1.06580630443e-07 0.999999893419
2 3.75391941323e-33 4.77790848295e-10 0.999999999522
2 1.36060774655e-07 3.272412992e-06 0.999996591526
2 1.31597738171e-61 1.03286003093e-11 0.99999999999
2 3.77552770667e-38 1.10623005954e-07 0.999999889377
2 3.82783551574e-35 0.000366208057034 0.999633791943
2 1.02348382289e-16 4.65719424208e-05 0.999953428058
2 4.52411964147e-30 0.999996082345 3.91765458086e-06
2 6.38646807243e-27 8.18042060563e-09 0.99999999182
2 6.02156378492e-33 4.12955686478e-11 0.999999999959
2 2.14138602261e-19 7.60444596919e-09 0.999999992396
2 7.34965380601e-30 5.40541442244e-08 0.999999945946
2 1.77842012719e-45 1.51441776363e-11 0.999999999985
2 1.1776566796e-11 2.07075088708e-05 0.999979292479
2 2.74960313958e-37 5.09631110998e-10 0.99999999949
2 2.15276012271e-36 9.58363904034e-14 1.0
2 6.22514892908e-14 0.000253448147899 0.999746551852
2 2.11123379323e-39 2.26168541216e-10 0.999999999774
