0 1.0 1.47106712308e-26 4.41211493351e-21
0 1.0 9.36169766846e-17 1.80178494425e-27
0 1.0 5.57031859207e-22 3.85346671172e-25
0 1.0 1.63583637306e-23 1.48620777614e-23
0 1.5398594203e-34 1.0 2.3602563144e-111
0 1.0 2.20755562051e-29 1.96843933574e-26
0 1.0 3.21234684606e-24 3.08500124995e-26
0 0.999945177808 5.34810860046e-14 5.48221915112e-05
0 1.0 2.71062770939e-28 6.39812218573e-28
0 1.0 1.07094970102e-26 5.33298644398e-34
0 1.0 1.12374164314e-23 8.73176786039e-25
0 0.999999999999 1.04481983395e-15 8.05645433417e-13
0 1.0 2.30150682172e-27 1.67262336649e-20
0 0.999999999999 4.12639791466e-20 5.29046269297e-13
0 0.999999999329 6.71369011867e-10 1.66426783167e-22
0 1.0 1.89160948256e-20 1.03107485559e-23
0 1.0 3.65373700671e-23 5.52602344202e-20
0 1.0 6.4061308743e-27 3.47728061194e-33
0 1.0 4.80486636922e-13 1.37810155446e-36
0 1.0 4.75163283327e-23 2.5513704905e-19
0 0.999761013838 0.000238986161815 1.53696907273e-19
0 1.0 5.02009812195e-28 3.38093536895e-21
0 1.0 1.63363800093e-25 2.55098965235e-24
0 1.0 1.00349134202e-28 7.06943886039e-28
0 0.999999999239 9.18834688033e-11 6.68622997604e-10
0 0.999999999953 3.78229902154e-13 4.7001588037e-11
0 1.0 3.61092408837e-27 4.61378542007e-23
0 1.0 3.42458805076e-23 3.51889765387e-37
0 1.0 1.41433870744e-24 9.14342053218e-21
0 1.0 3.28585315005e-32 1.03727852242e-28
0 1.0 5.23616672438e-27 1.73162943289e-29
0 9.63854955153e-09 1.81958885326e-12 0.99999999036
0 1.0 3.9469353931e-26 3.67803006288e-22
0 1.0 1.03257641323e-26 6.23578744536e-22
0 1.0 1.56807026859e-29 2.69299704499e-27
0 1.0 4.21139303323e-27 1.11783947391e-29
0 9.48701540037e-16 1.0 1.30404097599e-55
0 0.999999799959 1.52890434478e-23 2.00041111376e-07
0 1.0 5.43567227988e-32 2.93422889075e-28
0 1.0 2.9334711506e-21 3.87622048806e-30
0 2.20239811439e-09 0.999999997798 2.62138465247e-35
0 1.0 7.14821488102e-30 1.13763313724e-25
0 1.0 2.73949822114e-23 5.07012415604e-26
0 0.26659648375 0.73340351625 2.96088031095e-31
0 1.0 1.14227844543e-22 6.28475318508e-25
0 1.31332269075e-26 1.0 2.18087313264e-13
0 1.0 4.80003829162e-26 1.83281768724e-26
0 1.0 7.37719292853e-18 2.34186942414e-24
0 1.0 5.92188507507e-20 7.0456109578e-29
1 5.21399688021e-25 1.0 4.37786036452e-15
1 1.04194406601e-23 0.990626868315 0.00937313168548
1 1.59715447535e-31 1.0 8.29559499023e-22
1 5.63370297484e-29 1.0 6.14284091148e-26
1 2.07352812696e-28 0.999984137368 1.58626321717e-05
1 4.34817285344e-18 0.00177334910069 0.998226650899
1 1.53680141186e-07 0.99999984632 4.56841934835e-15
1 2.81563440702e-13 1.0 6.94805116541e-18
1 1.4374756724e-32 0.999590501939 0.000409498061146
1 1.21962523597e-33 1.0 7.36836682932e-46
1 1.22251057011e-21 1.0 1.97010571244e-30
1 2.411532365e-54 1.0 3.87895914722e-41
1 6.097049825e-51 0.999999999996 3.73185215829e-12
1 1.28050143832e-13 1.0 1.54238787722e-15
1 1.62772779721e-40 1.0 1.47081475831e-35
1 2.88040259523e-13 0.65602169258 0.34397830742
1 6.7823231934e-33 1.0 4.11147264306e-53
1 5.30053008549e-36 0.999999995798 4.20155915689e-09
1 3.1558752669e-31 1.0 3.49786215786e-14
1 4.66752502986e-26 1.0 2.94457056234e-25
1 2.85450335599e-17 0.99999999994 5.98634654475e-11
1 7.82366529046e-25 1.0 5.93839987655e-26
1 1.53460330577e-17 0.999999999993 7.45846207707e-12
1 4.1831049451e-38 1.0 3.55994507367e-81
1 3.79146811617e-27 1.0 3.50862340463e-21
1 1.39046078401e-16 0.999999999772 2.27690589795e-10
1 2.21950374859e-35 1.0 5.00632613507e-27
1 0.000134973101431 0.999292740994 0.000572285904926
1 1.50852438418e-22 1.0 4.71153860903e-29
1 1.09958763612e-31 0.833525808708 0.166474191292
1 5.92593177877e-19 0.365736880812 0.634263119188
1 2.92141185992e-20 0.999999999999 1.03034266263e-12
1 1.33720880207e-27 1.0 7.80487776463e-25
1 9.08344145364e-29 0.999999999999 8.45150614617e-13
1 6.44656553157e-25 1.0 1.09149114006e-21
1 1.29742784502e-17 1.0 2.77111219455e-13
1 2.76906826113e-21 1.0 1.66099532251e-14
1 7.03474331914e-18 0.999999951077 4.89228535236e-08
1 8.99686072172e-33 0.000218817828682 0.999781182171
1 8.74306646665e-35 1.0 1.64425252964e-19
1 2.25330917094e-31 0.000224270053294 0.999775729947
1 2.39727279872e-28 1.0 2.94284243326e-39
1 1.90849104712e-29 1.0 6.3738670155e-22
2 2.77423995236e-42 2.20049095782e-12 0.999999999998
2 3.07915748954e-07 0.999988074376 1.16177077516e-05
2 1.0464897499e-31 2.31078780584e-08 0.999999976892
2 1.09659018435e-22 1.0 4.24082096706e-14
2 1.11314679684e-43 3.26492922005e-14 1.0
2 5.64458599251e-18 0.990004278063 0.00999572193742
2 2.18040626976e-26 0.997480211741 0.00251978825907
2 3.37331804343e-55 1.84305375583e-12 0.999999999998
2 8.33100905806e-63 6.55012371513e-12 0.999999999993
2 7.25333251155e-56 3.73613149433e-12 0.999999999996
2 1.92974761276e-42 2.24210499377e-12 0.999999999998
2 6.20153127621e-27 0.0016270466012 0.998372953399
2 1.20942458137e-21 1.08091098245e-09 0.999999998919
2 1.31143194118e-20 3.29641682343e-13 1.0
2 1.44809980897e-47 3.11403120227e-10 0.999999999689
2 1.98764973956e-36 0.00234033665665 0.997659663343
2 8.35065738221e-07 0.000780206745353 0.999218958189
2 2.276197885e-35 9.74538595149e-12 0.99999999999
2 9.42183734217e-49 1.72245409455e-14 1.0
2 1.04830725296e-14 1.99996323847e-06 0.999998000037
2 1.83079018994e-43 2.03555598622e-11 0.99999999998
2 3.81253836292e-45 1.06099361004e-09 0.999999998939
2 3.79259272535e-37 2.65276692153e-12 0.999999999997
2 1.88509589576e-09 1.42892675114e-09 0.999999996686
2 1.29276717494e-66 1.55384797031e-14 1.0
2 6.59424726231e-43 3.46052899537e-10 0.999999999654
2 4.0218189805e-39 3.61507245625e-06 0.999996384928
2 6.48847662892e-20 4.51847503268e-09 0.999999995482
2 5.93094118441e-30 0.999954784641 4.52153594094e-05
2 5.63305721839e-30 6.93382032312e-12 0.999999999993
2 1.36319383234e-35 7.89011178906e-13 0.999999999999
2 4.34970882783e-19 1.62980511859e-09 0.99999999837
2 3.4952113821e-32 2.11568579628e-10 0.999999999788
2 9.22871643845e-48 3.75956709974e-13 1.0
2 1.15305100877e-11 1.40347376443e-06 0.999998596515
2 3.19039106751e-40 2.05547723671e-11 0.999999999979
2 3.09054915357e-40 3.09913549774e-16 1.0
2 7.00902404803e-14 5.75046387965e-06 0.999994249536
2 5.11715850209e-43 1.55235785595e-12 0.999999999998
