0 1.0 5.72176343357e-27 1.54125304647e-21
0 1.0 4.11374693154e-17 1.54333567306e-26
0 1.0 1.80659013766e-22 8.07136670495e-25
0 1.0 1.31831418539e-23 7.7462028015e-24
0 3.50546077899e-35 1.0 5.53398103536e-106
0 1.0 3.37692126384e-30 3.95617097954e-26
0 1.0 1.89623057486e-24 4.04038227561e-26
0 0.999975171926 2.04957538461e-14 2.48280738024e-05
0 1.0 5.41965015434e-29 2.22553803422e-27
0 1.0 7.13001465974e-27 5.94280992706e-34
0 1.0 7.00290069214e-24 1.43374751078e-24
0 0.999999999999 4.23095488792e-16 8.8519926973e-13
0 1.0 6.26534595577e-28 2.58815819183e-21
0 1.0 1.9665336813e-20 1.31617484587e-13
0 0.999999999324 6.76405846366e-10 9.36985261233e-22
0 1.0 1.14279912754e-20 1.41798726986e-23
0 1.0 1.44059199149e-23 4.42488404661e-20
0 1.0 1.75667922517e-27 9.06631423912e-33
0 0.999999999999 9.09329951713e-13 8.89093853147e-36
0 1.0 2.65257210981e-23 1.34538770284e-19
0 0.99989436379 0.000105636209801 1.80761844496e-18
0 1.0 4.19008065607e-29 6.66198876468e-21
0 1.0 1.26235533256e-25 1.22165336623e-24
0 1.0 3.77687333954e-29 8.80827248827e-28
0 0.9999999991 4.88402785416e-11 8.50936792573e-10
0 0.999999999988 3.03713906693e-13 1.20625191511e-11
0 1.0 8.75575650804e-28 2.54385334464e-23
0 1.0 1.01968213361e-23 3.55258132538e-36
0 1.0 6.42832225181e-25 2.48542591677e-21
0 1.0 1.12446851329e-32 5.53093353157e-29
0 1.0 6.34539935504e-28 6.33943101582e-29
0 3.98455462909e-08 1.48576064384e-12 0.999999960153
0 1.0 5.14785779088e-27 3.74323374254e-22
0 1.0 3.07393626645e-27 8.32825934644e-22
0 1.0 1.77909133236e-29 5.04797914767e-28
0 1.0 7.5468404189e-28 2.43069897575e-29
0 1.11980860007e-17 1.0 1.08419641556e-55
0 0.999999975281 8.13671671872e-25 2.47193870937e-08
0 1.0 2.34367568316e-32 1.39010951994e-28
0 1.0 1.30817022622e-21 1.19738314825e-29
0 1.21320574662e-09 0.999999998787 2.95041001633e-34
0 1.0 7.35231893588e-31 2.62035124113e-25
0 1.0 2.4935091017e-23 3.00381123167e-26
0 0.0516747362962 0.948325263704 9.15849099825e-31
0 1.0 7.39469742767e-23 6.60225250199e-25
0 5.5878140476e-27 1.0 7.46389539236e-15
0 1.0 3.09525500302e-26 1.37182235384e-26
0 1.0 1.69181696064e-17 6.7848190469e-25
0 1.0 2.21079802393e-20 3.0345650935e-28
1 4.40452054208e-25 1.0 8.89998318867e-15
1 1.10824294761e-23 0.976134855295 0.0238651447053
1 2.13592098273e-32 1.0 1.36982873356e-22
1 9.43287514094e-29 1.0 6.05368446944e-24
1 1.3884733233e-28 0.999978619309 2.13806907678e-05
1 7.02546400079e-18 0.00398418894635 0.996015811054
1 4.60690776059e-08 0.999999953931 2.08651833553e-15
1 9.81466830169e-14 1.0 9.31569840518e-18
1 4.78275525046e-32 0.989444826577 0.0105551734234
1 3.65256864492e-33 1.0 3.34457206807e-43
1 3.62130334496e-21 1.0 4.36743021294e-28
1 3.09004104947e-55 1.0 2.70226683177e-41
1 1.97064655283e-50 0.999999999973 2.71309789107e-11
1 3.43004150178e-14 1.0 8.62570810691e-16
1 2.00740742491e-40 1.0 4.4796889265e-34
1 2.11929090843e-13 0.521652514068 0.478347485932
1 2.64812451256e-33 1.0 3.16638058622e-51
1 5.28396279945e-36 0.999999972631 2.73688956651e-08
1 2.21220283581e-31 1.0 2.15251681926e-13
1 7.07497717157e-26 1.0 1.89606458645e-23
1 3.96828250559e-17 0.999999999848 1.52254930505e-10
1 4.22656519795e-24 1.0 1.92496045929e-23
1 5.57483012471e-18 0.999999999994 5.78753578856e-12
1 2.51205110645e-39 1.0 2.92947774678e-79
1 1.50488437976e-27 1.0 7.48254155378e-21
1 9.31380541762e-17 0.999999999343 6.56738027246e-10
1 2.95880418215e-35 1.0 1.2006966756e-25
1 0.000169731207387 0.999415998581 0.000414270211521
1 2.2441533511e-23 1.0 3.42357243482e-29
1 9.60608117974e-32 0.943890311241 0.0561096887589
1 8.16155166852e-19 0.936298535287 0.063701464713
1 6.0654407965e-20 0.999999999933 6.72815905717e-11
1 2.63037327451e-28 1.0 7.48622623041e-25
1 5.50951601884e-29 0.999999999995 5.1285760868e-12
1 5.49974873405e-25 1.0 7.4169764706e-21
1 3.48124338774e-18 1.0 6.37555380904e-14
1 2.24787648647e-21 1.0 4.42515482875e-14
1 3.35100369416e-18 0.999999819205 1.80794916168e-07
1 3.86496175272e-33 6.98554138223e-05 0.999930144586
1 3.56597561924e-34 1.0 4.76126398276e-18
1 4.72275198174e-31 0.000137142472403 0.999862857528
1 5.14500713508e-28 1.0 1.53430499594e-36
1 1.5810479517e-29 1.0 2.6303586063e-21
2 2.02230625502e-42 1.81803368861e-12 0.999999999998
2 4.57902407325e-07 0.999987276876 1.22652211594e-05
2 1.4799917075e-31 4.20621995486e-08 0.999999957938
2 5.1994371308e-23 1.0 2.57340682352e-13
2 5.498751345e-44 3.36025881477e-14 1.0
2 1.81571643377e-18 0.998970520763 0.00102947923652
2 1.05848851385e-26 0.996624230357 0.00337576964274
2 1.04689141351e-55 1.53331779831e-12 0.999999999998
2 9.69249133969e-64 3.08216115756e-12 0.999999999997
2 9.84009329041e-57 1.67330536903e-12 0.999999999998
2 8.0000027964e-43 3.5367083012e-12 0.999999999996
2 1.27402863073e-26 0.00304604000156 0.996953959998
2 2.22688876873e-21 1.3578117449e-09 0.999999998642
2 6.36023170502e-20 8.73941938816e-13 0.999999999999
2 6.25329511806e-48 2.24988247746e-10 0.999999999775
2 8.65169303656e-37 0.00105901571735 0.998940984283
2 3.93205417577e-07 0.000253099303608 0.999746507491
2 2.387375065e-35 7.09923776387e-12 0.999999999993
2 5.26303118714e-49 1.62881167767e-14 1.0
2 2.42733580774e-15 5.86366239186e-07 0.999999413634
2 7.93411985287e-44 1.21416496025e-11 0.999999999988
2 1.12530239087e-45 5.25130861762e-10 0.999999999475
2 2.77830171107e-37 2.75079962487e-12 0.999999999997
2 3.04429808664e-09 7.48672239061e-10 0.999999996207
2 1.2441957701e-66 1.19481665056e-14 1.0
2 4.58914945626e-43 4.2373840785e-10 0.999999999576
2 1.65458650997e-39 1.76950993709e-06 0.99999823049
2 2.02358902341e-19 1.21554345325e-08 0.999999987845
2 1.16383094032e-29 0.999956908936 4.30910642576e-05
2 5.03426821927e-30 1.59252430442e-11 0.999999999984
2 9.44378640127e-36 9.44243004524e-13 0.999999999999
2 3.34627786442e-19 1.0361616799e-09 0.999999998964
2 4.24928924015e-32 5.25267824758e-10 0.999999999475
2 1.96935614461e-47 6.98396800498e-13 0.999999999999
2 8.76326447801e-11 1.24881120691e-05 0.9999875118
2 1.90554454829e-40 2.31474431522e-11 0.999999999977
2 7.36640341038e-41 6.83737995794e-17 1.0
2 1.27890901811e-13 1.4751171096e-05 0.999985248829
2 2.70094856517e-43 9.01332039739e-13 0.999999999999
