-8.844666695562578980e+02 -9.445676104899956727e+02 -9.283086834960088254e+02
-9.087889858524672491e+02 -9.507638240709779893e+02 -9.565496989746269492e+02
-9.191144407768210840e+02 -9.919130458481309915e+02 -9.828081879080830277e+02
-8.897031347944745221e+02 -9.312450174358737058e+02 -9.203704524079829525e+02
-1.095904387043737643e+03 -1.291682098290074464e+03 -1.349162543675056895e+03
-8.986439501039392326e+02 -9.779476488656633819e+02 -9.667873977194485633e+02
-8.892011405965977247e+02 -9.472692437461275858e+02 -9.463196606655025107e+02
-9.270053713520628662e+02 -9.544152219093660960e+02 -9.300590694155837355e+02
-8.995335230897892416e+02 -9.824990975652119687e+02 -9.765888999660513718e+02
-9.201011692804502218e+02 -9.870006993686185979e+02 -9.816574057805538587e+02
-8.895247329399320506e+02 -9.439563951190770013e+02 -9.341168071094220977e+02
-9.271495557751093202e+02 -9.712743807054226863e+02 -9.580418177367814678e+02
-8.906115425648849850e+02 -9.504650233890635036e+02 -9.298859688522783244e+02
-8.889293151906649655e+02 -9.277360160040194614e+02 -9.098077655343314518e+02
-9.204313135219000515e+02 -9.423477104655846688e+02 -9.435346637262159675e+02
-9.017061780491925447e+02 -9.427819322986991892e+02 -9.421955559719168605e+02
-8.872678136557808557e+02 -9.377652432953505013e+02 -9.291357792883012507e+02
-8.926285563918906973e+02 -9.529667672551262285e+02 -9.520225294106106730e+02
-9.224395458009870481e+02 -9.534328965570131231e+02 -9.717272771991097216e+02
-8.954344341094516722e+02 -9.495733703634908807e+02 -9.406294539451362198e+02
-9.569574980663785482e+02 -9.797171140521162442e+02 -9.886019481103683120e+02
-9.176638080844953720e+02 -1.004158523628590842e+03 -9.806441578481187662e+02
-8.786945293740780016e+02 -9.320543319138276956e+02 -9.240819533863009383e+02
-8.768344167864762539e+02 -9.437911943521202147e+02 -9.405068652161780847e+02
-9.320662204275594149e+02 -9.606864536457096619e+02 -9.542895729680549266e+02
-9.176179818887502506e+02 -9.429845153127771482e+02 -9.341220714374702538e+02
-8.876282726146893083e+02 -9.547930247293518278e+02 -9.362478264935552943e+02
-9.035582546656893328e+02 -9.780966230252845435e+02 -9.836292225227368817e+02
-8.811417913344002955e+02 -9.316767272987742672e+02 -9.201944228053100687e+02
-8.711085897661680519e+02 -9.462829178334715152e+02 -9.312759074620266802e+02
-8.942177000909837261e+02 -9.727305328811712570e+02 -9.669106484655127360e+02
-9.403064482700983717e+02 -9.614065514274044517e+02 -9.343848018190111588e+02
-9.071881211183538198e+02 -9.909081846120773207e+02 -9.734572730002576009e+02
-8.800305115966774565e+02 -9.425647925022187792e+02 -9.323482093433793807e+02
-8.800055965322137581e+02 -9.360159733499505137e+02 -9.182157524056951843e+02
-9.248106214829075498e+02 -1.008963280926641801e+03 -9.996100469495858079e+02
-1.013482684010991420e+03 -1.056782128682511257e+03 -1.074941102451929282e+03
-9.231319087220686015e+02 -9.769139526798738871e+02 -9.389891337817641670e+02
-8.720241536707874275e+02 -9.505761469112958366e+02 -9.397994937006130840e+02
-9.171649942147535057e+02 -9.753977798915224184e+02 -9.717449614416327677e+02
-1.019172312492083279e+03 -1.058467419537058959e+03 -1.070109849051175843e+03
-8.794796476891002612e+02 -9.541533856143951198e+02 -9.385065256478496849e+02
-8.981773349049818762e+02 -9.484085343326842121e+02 -9.411298209579420018e+02
-1.005060749752934953e+03 -1.039226598781863686e+03 -1.060557472324578612e+03
-8.966625962493930047e+02 -9.509065587557217896e+02 -9.446233358085297596e+02
-1.000294881195163612e+03 -1.010244817156464137e+03 -1.026724563339606902e+03
-8.933844301368537799e+02 -9.455697775007600967e+02 -9.318896035448103703e+02
-9.104456309330452086e+02 -9.393255928413540232e+02 -9.376024264211168884e+02
-9.047688042221276419e+02 -9.537517636916539914e+02 -9.497269199975912670e+02
-9.953932506162017262e+02 -9.698716052250724715e+02 -9.809500583232044164e+02
-9.939842611487682689e+02 -9.644273899058529196e+02 -9.576781612986175105e+02
-1.029758535866893681e+03 -9.977755743567388436e+02 -1.008377970987799358e+03
-1.039077473852013100e+03 -9.866058373411585762e+02 -1.000397044733348366e+03
-1.022635084164767250e+03 -9.720638717999526079e+02 -9.745749005398553209e+02
-9.839216356123114338e+02 -9.595249063891757260e+02 -9.540816500461247642e+02
-9.834881128799584076e+02 -9.610881948283886231e+02 -9.712120596835209199e+02
-9.720637715827463126e+02 -9.442478483124573359e+02 -9.595589970791552332e+02
-1.034458033884642646e+03 -9.808226853837973067e+02 -9.810941321218073199e+02
-1.034033121883447848e+03 -9.815128000449082037e+02 -1.009502772072945504e+03
-1.006315218363545114e+03 -9.785671611374539225e+02 -1.001087487153360712e+03
-1.066482973404130917e+03 -9.964200449487083233e+02 -1.031787632871389633e+03
-1.023705175955822028e+03 -9.909592322006577660e+02 -1.006518926473470060e+03
-9.835411583355264611e+02 -9.539204682526254828e+02 -9.711214977060947149e+02
-1.052889709523987904e+03 -9.916257197049889101e+02 -1.029402994549102687e+03
-9.830958052527881819e+02 -9.573782058915147672e+02 -9.522219254413957970e+02
-1.059475418376202470e+03 -9.980817004034114461e+02 -1.050624112866934638e+03
-1.038679935262483468e+03 -9.823437941045672233e+02 -9.855509751168605135e+02
-1.016901453286903802e+03 -9.601928801154439270e+02 -9.764610548383070636e+02
-1.019164191330148924e+03 -9.648920203627149021e+02 -9.859396016948195438e+02
-9.996186861292825370e+02 -9.666953514026056382e+02 -9.770347624726468894e+02
-1.029774762128705333e+03 -9.814102169493685324e+02 -1.001121863518998794e+03
-9.779907431533163162e+02 -9.534012996780099911e+02 -9.580411657147394635e+02
-1.070377156708866551e+03 -1.059786291644788889e+03 -1.115158765740313129e+03
-1.006786251346991662e+03 -9.667315012151732390e+02 -9.783342710142381975e+02
-9.949108275630251228e+02 -9.622064254457760626e+02 -9.701030406253263436e+02
-1.052602133355158912e+03 -1.017600583505855980e+03 -1.026052925237993350e+03
-9.575707865763563404e+02 -9.484092142107908785e+02 -9.504808991497782245e+02
-1.014530454177689194e+03 -9.661828154810823435e+02 -9.953927776077987346e+02
-1.002831693218299733e+03 -9.521637883055141174e+02 -9.447655281331400374e+02
-9.880017167529596236e+02 -9.451778341839341238e+02 -9.451863397622288403e+02
-9.886088591518858948e+02 -9.600419817414402814e+02 -9.639277906907921079e+02
-1.023277615869970077e+03 -9.719063122592123136e+02 -9.914730587352090652e+02
-1.015330303722922281e+03 -9.885503538188123684e+02 -9.883306661916628855e+02
-1.040422203028259219e+03 -9.992028119662830932e+02 -1.017418046319249356e+03
-1.015869495440204673e+03 -9.707116551005235578e+02 -9.775739890986444607e+02
-9.999860064334415028e+02 -9.639050464944035639e+02 -9.706631562471216057e+02
-9.977231046409749524e+02 -9.693583202703867983e+02 -9.717116467029306932e+02
-1.002902111062288895e+03 -9.704387216527172768e+02 -9.596999836607013776e+02
-1.044753302764976070e+03 -1.002239545663133185e+03 -1.012041796924980417e+03
-1.001876876121853684e+03 -9.594902474484773620e+02 -9.573080747790572786e+02
-1.013546278374864755e+03 -9.666504080775322336e+02 -9.909109187656324593e+02
-1.019914230589359249e+03 -9.683053337678524031e+02 -9.887582782351938704e+02
-9.998384317956797531e+02 -9.651992845032027617e+02 -9.381360285489836315e+02
-9.894438328108548149e+02 -9.859014990502738556e+02 -9.786663362957277741e+02
-9.955553749329737911e+02 -9.632912520168400761e+02 -9.397619473322222348e+02
-1.027295405217837015e+03 -9.884579132417641176e+02 -9.947474333195551708e+02
-9.972154136523338366e+02 -9.632664424610755987e+02 -9.320470305200875600e+02
-1.004414733456476370e+03 -9.876050539392437031e+02 -9.763075777270879598e+02
-1.032203344255143065e+03 -9.938750659390610735e+02 -9.895420657087457812e+02
-1.017855340132266292e+03 -9.706181650363271274e+02 -9.542801356753938080e+02
-1.039638288460347212e+03 -9.941337093266820375e+02 -9.581635439537923276e+02
-1.032764789196905667e+03 -9.879417588289695686e+02 -9.535645242812117885e+02
-1.004437240977906072e+03 -9.644118144086148732e+02 -9.347190975787272009e+02
-1.007786412305365275e+03 -9.757206032391081862e+02 -9.616249938361983141e+02
-9.815682853990041394e+02 -9.592101676694078378e+02 -9.476526257678947331e+02
-9.562727031756248834e+02 -9.572015084897004726e+02 -9.282796184718519044e+02
-1.009798481244086815e+03 -9.761297706346292671e+02 -9.463771763071794112e+02
-1.042747372398783455e+03 -9.951848173977739407e+02 -9.966599246278896089e+02
-9.906448876064769138e+02 -9.822135584563027351e+02 -9.640932883213666855e+02
-9.801173958011540890e+02 -9.557027146923226155e+02 -9.369833218379868640e+02
-9.972885965576654144e+02 -9.566780653407486170e+02 -9.280088178510553689e+02
-9.748632329640112175e+02 -9.779915370606995566e+02 -9.609799488056022483e+02
-1.023628347483788730e+03 -9.816604618318232269e+02 -9.523845677569033796e+02
-1.020703209805921006e+03 -9.834853288986595317e+02 -9.540802892388701366e+02
-1.003126353576408974e+03 -9.701029476417362503e+02 -9.393859949922806436e+02
-9.655567026220643356e+02 -9.868089892101116902e+02 -9.621888786938147859e+02
-1.044815027853527226e+03 -9.996544654496116209e+02 -9.629309885622204774e+02
-1.013277018267396329e+03 -9.701004718630197203e+02 -9.427183230976528421e+02
-1.017934970084627707e+03 -9.819349848635440594e+02 -9.633921014142010790e+02
-9.678099441515257695e+02 -9.513675330397895777e+02 -9.399749713590166493e+02
-1.010587225789901254e+03 -9.840597200051298614e+02 -9.843610818026910465e+02
-9.967586070250256398e+02 -9.663979142031812444e+02 -9.364099333041181126e+02
-9.869869303327980106e+02 -9.541162270882720122e+02 -9.296974684234085089e+02
-9.653887014663637274e+02 -9.542649735623822380e+02 -9.331766313524174166e+02
-9.888015580819438810e+02 -9.554720302319537950e+02 -9.350821653935654467e+02
-1.001360542795509446e+03 -9.603877023742670644e+02 -9.340844625902418557e+02
-9.669885887710178167e+02 -9.559172590688446007e+02 -9.434347061452035632e+02
-1.005342139491186231e+03 -9.582274814680563395e+02 -9.403637972827755220e+02
-9.812136113602053911e+02 -9.696545115332027081e+02 -9.393034045283925479e+02
-9.757511631343759291e+02 -9.634336469266319227e+02 -9.557803730279254069e+02
-1.017164878658674411e+03 -9.754113315010156384e+02 -9.584884409718256393e+02
