0 1.0 5.93171733937e-27 1.35436239963e-21
0 1.0 4.15621612485e-17 1.42639806253e-26
0 1.0 1.77164801471e-22 7.89007975751e-25
0 1.0 1.30615254753e-23 6.99376961055e-24
0 3.72400837585e-35 1.0 4.87973538149e-106
0 1.0 3.37644528009e-30 4.14741169432e-26
0 1.0 1.90322649001e-24 4.24652870762e-26
0 0.999975770646 1.97950929201e-14 2.42293534937e-05
0 1.0 5.34392698672e-29 2.30260377124e-27
0 1.0 7.09084721164e-27 5.92297066028e-34
0 1.0 7.04675157615e-24 1.32638838152e-24
0 0.999999999999 4.14583412772e-16 8.7073535223e-13
0 1.0 5.99179617683e-28 2.31815742041e-21
0 1.0 1.91594147293e-20 1.24301708397e-13
0 0.999999999362 6.38276861797e-10 1.00000978587e-21
0 1.0 1.1357402599e-20 1.39945566317e-23
0 1.0 1.42065979105e-23 4.13673736557e-20
0 1.0 1.77161290279e-27 8.54430976914e-33
0 0.999999999999 8.98784224533e-13 8.30975776145e-36
0 1.0 2.77599449513e-23 1.42618297707e-19
0 0.999901949512 9.80504878347e-05 1.67314856108e-18
0 1.0 4.00434326047e-29 6.26713988125e-21
0 1.0 1.2549147869e-25 1.1761736054e-24
0 1.0 3.80833506068e-29 9.09859785561e-28
0 0.99999999916 4.62805735813e-11 7.93597348196e-10
0 0.999999999987 2.99120860854e-13 1.26017865573e-11
0 1.0 8.4982512476e-28 2.50602845384e-23
0 1.0 1.04897545159e-23 3.02617774741e-36
0 1.0 6.28152736441e-25 2.25268202634e-21
0 1.0 1.11044250297e-32 5.06352689237e-29
0 1.0 6.4792430873e-28 6.17882603668e-29
0 4.19683780428e-08 1.5560286246e-12 0.99999995803
0 1.0 5.07143166518e-27 4.02724905895e-22
0 1.0 3.08282895173e-27 7.41218617708e-22
0 1.0 1.75632743917e-29 4.91615069303e-28
0 1.0 7.51413829868e-28 2.1809426214e-29
0 1.18921725033e-17 1.0 1.07328078755e-55
0 0.999999974623 7.86571101108e-25 2.53772065004e-08
0 1.0 2.31113277376e-32 1.32096637396e-28
0 1.0 1.31893888444e-21 1.05871523456e-29
0 1.29013256976e-09 0.99999999871 3.09363048077e-34
0 1.0 7.28622609315e-31 2.48593548301e-25
0 1.0 2.48688450718e-23 2.9008628896e-26
0 0.0521580035836 0.947841996416 7.85376565612e-31
0 1.0 7.50435335208e-23 6.16147697187e-25
0 5.55339161313e-27 1.0 8.36182207529e-15
0 1.0 2.99712981416e-26 1.28712919539e-26
0 1.0 1.74750942834e-17 6.78355950315e-25
0 1.0 2.23399242744e-20 2.65134351647e-28
1 4.5063312017e-25 1.0 8.32951400115e-15
1 1.0534718713e-23 0.977366769165 0.0226332308354
1 2.06466885273e-32 1.0 1.43572545066e-22
1 9.88875610049e-29 1.0 7.16292302928e-24
1 1.41288715497e-28 0.999978859316 2.11406844105e-05
1 5.7616150629e-18 0.00358736495275 0.996412635047
1 4.75909381622e-08 0.999999952409 2.12415976731e-15
1 9.12941844307e-14 1.0 7.97744684389e-18
1 4.82025738355e-32 0.990524742135 0.00947525786509
1 3.39384220581e-33 1.0 2.83986505725e-43
1 3.78291664061e-21 1.0 3.97361340739e-28
1 3.20532706723e-55 1.0 2.78265895883e-41
1 1.88072859454e-50 0.999999999975 2.49098721811e-11
1 3.32284531834e-14 1.0 8.24231959919e-16
1 1.97655561261e-40 1.0 4.423254357e-34
1 2.19344219545e-13 0.542995994041 0.457004005958
1 3.00547732157e-33 1.0 3.78294253562e-51
1 4.85884200135e-36 0.99999996924 3.07595714527e-08
1 2.25770497459e-31 1.0 2.12051210201e-13
1 7.01516574053e-26 1.0 1.64118915994e-23
1 3.89926048444e-17 0.999999999867 1.33075985551e-10
1 3.96246062728e-24 1.0 1.71957044706e-23
1 5.20329139441e-18 0.999999999994 5.92418521673e-12
1 2.8248364785e-39 1.0 2.98790897003e-79
1 1.50841451877e-27 1.0 7.50389704796e-21
1 9.50153773435e-17 0.99999999941 5.89738482948e-10
1 2.92100779516e-35 1.0 1.09674393331e-25
1 0.000170802826057 0.999442484676 0.000386712497698
1 2.24838533737e-23 1.0 3.18490528193e-29
1 9.51200814434e-32 0.944931491829 0.0550685081711
1 7.77732206005e-19 0.937691087464 0.062308912536
1 6.12567673842e-20 0.999999999932 6.78537097494e-11
1 2.47610504388e-28 1.0 6.72616204438e-25
1 5.15663981888e-29 0.999999999995 4.77167674649e-12
1 5.46961162145e-25 1.0 7.1987295284e-21
1 3.43208388354e-18 1.0 5.70216610089e-14
1 2.13981404007e-21 1.0 4.59383512847e-14
1 3.55971141506e-18 0.999999809494 1.90506094023e-07
1 3.84736629054e-33 7.02994442112e-05 0.999929700556
1 3.60063013403e-34 1.0 4.34977460668e-18
1 5.55099465806e-31 0.000145001209242 0.999854998791
1 5.44399135086e-28 1.0 1.8338541985e-36
1 1.65394315808e-29 1.0 2.69322388384e-21
2 1.75772073223e-42 1.68098797184e-12 0.999999999998
2 4.85466577339e-07 0.999988148562 1.13659714876e-05
2 1.35791332262e-31 4.20586750011e-08 0.999999957941
2 5.54517987187e-23 1.0 2.45643578287e-13
2 5.24457187802e-44 3.28897845744e-14 1.0
2 1.85410774468e-18 0.998900497473 0.00109950252742
2 1.09230675783e-26 0.996807943462 0.00319205653788
2 8.14954868918e-56 1.39205627442e-12 0.999999999999
2 8.46458641645e-64 2.84080466617e-12 0.999999999997
2 8.09625451724e-57 1.54646277244e-12 0.999999999998
2 7.34928605512e-43 3.3977155099e-12 0.999999999997
2 1.28765920863e-26 0.00311366531305 0.996886334687
2 2.23048842851e-21 1.39090089908e-09 0.999999998609
2 5.88338972606e-20 8.1600467355e-13 0.999999999999
2 5.66761228048e-48 2.34993287873e-10 0.999999999765
2 8.79398376846e-37 0.00107657394161 0.998923426058
2 3.64049754293e-07 0.000245330507861 0.999754305442
2 2.14241715773e-35 6.65498463143e-12 0.999999999993
2 4.63978611776e-49 1.56697695948e-14 1.0
2 2.38979103487e-15 5.39768935414e-07 0.999999460231
2 7.35026129528e-44 1.12819969984e-11 0.999999999989
2 1.11310894778e-45 5.05002333795e-10 0.999999999495
2 2.53123348993e-37 2.57391141546e-12 0.999999999997
2 2.80730866496e-09 7.09417069503e-10 0.999999996483
2 1.10271625198e-66 1.13848877602e-14 1.0
2 3.85350856656e-43 3.87875270999e-10 0.999999999612
2 2.02967874468e-39 1.89802558033e-06 0.999998101974
2 2.4211901058e-19 1.33589402732e-08 0.999999986641
2 1.17576808961e-29 0.999957585645 4.24143553681e-05
2 4.99567037621e-30 1.64960496425e-11 0.999999999984
2 8.43353459583e-36 9.07150567396e-13 0.999999999999
2 3.48937738715e-19 1.08520889528e-09 0.999999998915
2 4.13455322269e-32 5.20415067159e-10 0.99999999948
2 1.6925715696e-47 6.74147557134e-13 0.999999999999
2 7.69310420866e-11 1.13120077368e-05 0.999988687915
2 1.68208621277e-40 2.21428483684e-11 0.999999999978
2 6.12319409689e-41 6.35703733748e-17 1.0
2 1.2942229516e-13 1.51489141369e-05 0.999984851086
2 2.58772502117e-43 8.62650117028e-13 0.999999999999
