2.11784956108 0.328861895522
1.02563448681 1.42730955847
-0.608903616905 -1.6432285266
-0.629395341494 -1.48387949479
-0.996523356204 -1.47089271573
0.326454382357 -1.059804785
-0.0611653569423 -1.07464980094
0.264363841485 -0.947892991174
2.30362889001 -1.03078288325
0.468850330403 -1.0163763277
-0.629395341494 -1.48387949479
-0.0878107525792 -0.874189888148
-1.04298357262 -1.37921273687
-0.334203741332 -1.3612567401
-1.55589205445 -0.856233891376
-0.332973007123 -0.623223514671
0.902007235456 -0.71801447437
0.42472850899 -0.969189638507
0.871423490348 1.26946381941
1.06994091835 -0.92617876252
-0.56964319562 -1.47452567322
0.208919265345 -0.00958776454882
-0.795236776232 -0.628443281175
1.10347842556 -0.877112957389
-0.807174898064 -1.35311390435
-0.994308034627 -1.3911764417
-0.585642740344 -0.928266669121
0.83560912485 -1.03328837117
-1.00876916159 -0.799442831821
0.147874848551 -1.06615202107
-0.844466144614 -1.51329809881
-0.0583346682603 -1.22013513292
0.606938708715 -0.89423379152
1.65730881986 -1.34010624623
-0.314819677532 -1.0927937093
-0.00215165159409 -1.22535489942
3.0201008101 0.847915476606
-0.744099769825 -1.18965169654
-0.241467918642 -0.971486335768
-0.556658949709 -1.30064481146
-0.328911584231 -1.46358504263
-0.803851915699 -1.39764895216
-0.431370207177 -1.80032261929
1.07775608058 -0.794014274658
0.464542760669 -0.337806682273
-0.432970161649 -1.57961001246
-0.0731650154854 -1.39470500385
0.948282841735 -0.843497661109
0.208919265345 -0.00958776454882
-0.4679230132 -1.5209815951
-0.620410981764 -1.42531371463
-0.994308034627 -1.3911764417
-0.611303548614 -1.62857142226
-0.580165973112 -1.77065346648
-0.28245136782 -1.61195168572
0.628538094093 -0.914068904233
2.32442829815 -0.897992023402
0.208919265345 -0.00958776454882
-0.383740793267 -0.855189938076
-0.171746825671 -1.40869397808
1.29658062304 -0.798607669181
0.239810694005 -1.00781591063
-0.558320440892 -1.21134504613
-0.551120645766 -1.54183978205
-0.444908283482 -1.14340456532
-0.609949740983 -0.595663147534
-0.168054623042 -1.18839895258
-0.869265438936 -1.48525751315
-0.211068783666 -1.38777315394
-0.824959007392 -1.42347635682
0.146397967499 -0.976079730291
0.0697847629544 -1.22017689105
0.418759448074 -0.842662498468
-0.370818084066 -1.38781491207
1.13480061119 -0.872519562867
-0.419185938502 -1.63878128554
-0.334203741332 -1.3612567401
-0.432477867965 -1.25494053596
0.208919265345 -0.00958776454882
-0.962247408468 -1.31876784076
0.7853951691 -0.842453707808
0.3719300114 -1.05504435795
-0.104425664408 -1.58986163388
-0.362695238283 -1.46763558144
-1.21356333406 -1.39583247342
-0.98175454569 -0.211488332895
2.78570747989 1.35673831534
0.243749043475 -1.11728485374
1.19449122036 -1.06304104024
-0.0575346910241 -1.14900015501
-0.919664004818 -1.21994722132
-0.962247408468 -1.31876784076
-0.416293713109 -1.52551235242
-0.0707650837768 -0.693585967135
0.743242522423 -0.815310921991
0.303316579218 -1.14793532264
-1.09916658928 -1.40023795635
-0.727300247864 -1.42126317582
1.58044946847 -0.949145735134
-0.362695238283 -1.46763558144
1.05744896612 -0.883794258514
-0.762253099416 -1.0514531586
1.75521372623 -1.07652891688
-0.620410981764 -1.42531371463
0.0798767834728 -1.20869340474
-0.681270788427 -1.12858042845
0.408852037687 -1.0885552589
0.269902145428 -0.727201263416
1.02563448681 1.42730955847
-0.46404620044 -1.37990174605
-0.605765244671 -1.60309896173
0.251687279127 -1.19261652391
1.37165540982 -0.901123883304
-1.08279782429 -1.39219951593
1.31738003118 1.42835351177
-0.609949740983 -0.595663147534
-0.215314816689 -1.36601716715
-0.888711039447 -1.16881438866
-0.309896740693 -1.04393669483
-0.375371800642 -1.3335502195
0.652845094731 -0.936618295527
0.44275876516 -1.29377559875
-1.18667179158 -1.12684746597
0.346330739842 -1.05379161399
-0.000674770542628 -0.883585467854
-1.09879736902 -1.48920365663
-0.453523422949 -1.53279914646
1.19904493693 -1.19069564984
-0.348603331584 -1.40349509064
-1.12261207597 -1.88674107351
0.239810694005 -1.00781591063
0.984035670523 -0.822409804435
1.37165540982 -0.901123883304
1.29658062304 -0.798607669181
0.597092835038 -1.03057409259
0.9257604057 1.42856230243
0.796287166855 -0.897574442082
0.871423490348 1.26946381941
0.688844070361 -0.607355424501
0.620292174889 -0.5403336226
0.314085503551 -1.1068661998
-0.34940330882 -0.381652720901
-1.74345594798 -1.37136220805
-0.354080098816 -1.53029365854
0.0205553945722 -1.20414176835
0.247933539788 -1.06606850481
-1.09879736902 -1.48920365663
1.02760366154 -0.738893540383
1.38494733929 -0.583135707926
0.271194416348 -1.27625806236
0.341100119451 -1.11559364939
0.196181166276 -0.560168735312
-0.762253099416 -1.0514531586
-0.580165973112 -1.77065346648
0.4388819524 -0.896321698121
-0.605765244671 -1.60309896173
-0.262636547047 -1.15039905243
-0.416293713109 -1.52551235242
1.29658062304 -0.798607669181
-0.821082194632 -1.1728440484
0.403375270454 -1.23652519974
0.873023444821 -0.919288670736
1.01991157273 -0.666025599998
-0.588719575868 -1.51427941491
1.6510936121 -0.724069403514
-1.49527839463 -1.24504385867
0.100368508062 -0.953739129657
-1.12261207597 -1.88674107351
0.0207400047036 -1.35850070339
-0.850927499214 -0.887970071716
0.146397967499 -0.976079730291
-0.379556296954 -1.0289037673
-0.420724356264 -1.27932728506
0.0207400047036 -1.35850070339
-0.690439758288 -0.969816010487
0.0845535734691 -1.17950447046
-0.679670833954 -1.30507117346
2.33808944788 1.54673781606
-1.08279782429 -1.39219951593
-0.877142137878 -1.35058753737
0.149782486576 -0.890266768978
-0.639979655696 -1.33171286169
-0.0807340308742 -0.915948020174
0.91677604597 -0.922629321298
-0.211068783666 -1.38777315394
-0.824343640288 -1.51676402376
1.10532452687 -0.801321947762
-0.328911584231 -1.46358504263
0.457035281991 -1.18342973487
-0.795236776232 -0.628443281175
-0.204976649329 -1.2006132062
0.355807393255 -1.06022236632
0.0798767834728 -1.20869340474
-0.465646154913 -1.40856870368
-0.799913566228 -1.3248854071
-0.104425664408 -1.58986163388
-0.186515636185 -1.20948680925
0.766934155957 -0.721981496913
0.62558433199 -0.912189788291
1.05227988244 -1.16768691909
-1.22697833694 -1.65972298876
-1.23817801825 -1.34931391434
0.507987678267 -0.431136107352
0.113106607131 -1.20422528462
-0.215314816689 -1.36601716715
0.208919265345 -0.00958776454882
-0.580165973112 -1.77065346648
0.6062618049 -1.03099167391
-0.256729022841 -1.07769814458
0.313223989604 -1.15428255871
-0.244113997193 -0.0168954376534
0.00547890050515 -1.06418938887
1.07775608058 -0.794014274658
-0.0575346910241 -1.14900015501
3.15775843144 0.971310756743
-0.103071856778 -1.20835933969
0.418759448074 -0.842662498468
-0.0326123232806 -1.28972505994
0.986989432626 -0.788794508154
0.208919265345 -0.00958776454882
0.482203796576 -1.10855740414
2.75075462834 -1.03161804589
2.02966745496 0.56667445741
-0.765637618492 -1.08790800786
-0.211068783666 -1.38777315394
-0.558320440892 -1.21134504613
-0.767791403359 -1.22602302953
-0.821082194632 -1.1728440484
-0.727300247864 -1.42126317582
-0.43573931362 -1.24903176028
-0.81302088556 -1.45748835535
0.2985167158 -1.05617182752
-0.160424070943 -1.81758960688
0.84970103155 -1.1141738729
0.615061554498 -1.03537627777
-0.103071856778 -1.20835933969
-0.356480030525 1.20870573731
-1.23971643601 -1.06512894684
-0.94446329914 -1.02827739532
-0.138640075434 -1.20781648397
0.850685618917 -0.828464733579
2.8920429156 0.444323130574
-0.579058312323 -1.52837278447
1.33559489748 -0.778981347128
1.65269356657 -1.23541860924
0.512726004973 -1.29728328184
-0.448846632952 -1.34490843141
0.0809229075509 -1.18184292585
0.657398811307 -0.809255992847
0.9257604057 1.42856230243
-0.693701203943 -1.26790643596
0.841085892083 -0.924717227899
-0.844466144614 -1.51329809881
0.803548498691 -1.1558902468
-1.08279782429 -1.39219951593
0.239810694005 -1.00781591063
2.02966745496 0.56667445741
-0.52964433381 -1.5091222856
0.264363841485 -0.947892991174
-0.204976649329 -1.2006132062
0.533710023246 -1.04999162398
-0.832589559492 -1.12534417322
-0.488353201079 -0.0425766888494
-0.620410981764 -1.42531371463
0.283501758444 -1.17081877899
-0.566074066412 -1.09876512218
-0.832651096202 -1.26834489634
0.832655362747 -0.913442532252
-0.262636547047 -1.15039905243
-1.23817801825 -1.34931391434
-0.824835933971 -1.34446997102
-0.764714567835 -1.62560659489
0.479373107894 -1.09106074682
-0.799913566228 -1.3248854071
0.887607645204 -1.30417337362
0.271194416348 -1.27625806236
-0.20509972275 -1.61399783419
-0.642625734247 -1.59078031278
-0.609949740983 -0.595663147534
0.249410420839 -1.15979463214
-0.566074066412 -1.09876512218
0.42731305083 -0.421114155665
-0.558320440892 -1.21134504613
-0.416293713109 -1.52551235242
-0.370818084066 -1.38781491207
-0.420662819553 -1.26955588217
0.986989432626 -0.788794508154
-0.799913566228 -1.3248854071
1.32550287696 -0.9906950765
-1.16599545686 -1.38056987616
1.83404225235 -0.994035727062
0.414882635314 -0.981090706134
-0.799913566228 -1.3248854071
-0.0807340308742 -0.915948020174
-0.362695238283 -1.46763558144
0.146397967499 -0.976079730291
-0.454077253343 -1.08289703201
0.0720616212421 -0.984640147356
0.98243571605 -0.962717128043
0.3719300114 -1.05504435795
-0.966431904781 0.204213871424
0.149782486576 -0.890266768978
0.2985167158 -1.05617182752
0.948282841735 -0.843497661109
-0.480907259111 -1.4540224304
-0.448846632952 -1.34490843141
-0.478261180561 -0.981717078115
-0.834374124095 -1.16472209172
-0.204976649329 -1.2006132062
0.803548498691 -1.1558902468
0.700782192193 -1.10248159593
-0.580165973112 -1.77065346648
-0.0611653569423 -1.07464980094
-0.131563353729 -1.06798937888
-0.0866415550801 -1.36077652158
0.971112961322 -0.872101981546
-0.611303548614 -1.62857142226
0.457527575675 -0.812805434069
-0.123132824393 -0.49356451473
-1.13522710162 -1.42623239353
-0.0215972521051 -1.30415249455
-0.568412461411 -0.760190187717
0.418759448074 -0.842662498468
-0.848466030795 -1.13929138931
-0.403309467199 -1.57674958042
0.0717539376897 -1.42585657034
1.10532452687 -0.801321947762
1.07775608058 -0.794014274658
0.454881497124 -0.923673274598
0.4388819524 -0.896321698121
-0.762253099416 -1.0514531586
0.146397967499 -0.976079730291
-1.19251777908 -2.07087355668
0.55610938586 -0.963761081343
-0.431370207177 -1.80032261929
-0.727423321285 -1.25408449425
0.873023444821 -0.919288670736
0.895484344145 -0.935365551566
0.264363841485 -0.947892991174
-0.316665778846 -1.3834929454
1.65952414144 1.32792520424
-0.383740793267 -0.855189938076
-0.370818084066 -1.38781491207
-0.345218812508 -1.37770944412
0.942806074503 -1.02451916344
1.22045971218 -0.9268051345
0.313223989604 -1.15428255871
-0.995231085284 -2.01715171983
-0.919664004818 -1.21994722132
0.052985240994 -0.57290496558
-0.0678728583844 -1.22055271424
-1.55589205445 -0.856233891376
1.01265024089 -0.728036426057
0.890746017438 -1.25400097799
-0.629395341494 -1.48387949479
-0.737515341803 -1.38386876859
-0.104425664408 -1.58986163388
-1.25516215034 -1.25519108475
0.766934155957 -0.721981496913
0.985881771837 -0.754552839893
-0.36743356499 -1.23598234402
-0.375371800642 -1.3335502195
1.06994091835 -0.92617876252
1.88567155244 1.61396840862
0.208919265345 -0.00958776454882
-0.0224587660518 -1.18194732118
0.625892015542 -0.335301194352
-0.996523356204 -1.47089271573
0.62558433199 -0.912189788291
1.37165540982 -0.901123883304
0.264363841485 -0.947892991174
-0.363372142099 -0.946849037873
-0.629395341494 -1.48387949479
0.208919265345 -0.00958776454882
-1.16599545686 -1.38056987616
-0.994308034627 -1.3911764417
-0.143193792009 -1.35000292352
-0.262636547047 -1.15039905243
0.321223761967 -1.23366476769
1.65269356657 -1.23541860924
-0.80668260438 -1.4186950507
0.116614199628 -1.15989902747
-0.383740793267 -0.855189938076
-0.584965836529 -1.47738610526
-0.362695238283 -1.46763558144
-0.628779974389 -1.23404059088
-0.786806246896 -1.18898356643
-0.762253099416 -1.0514531586
-0.5489668609 -1.29563383562
-1.49527839463 -1.24504385867
0.8265016917 -0.7660363262
-0.316850388977 -1.13133646516
0.208919265345 -0.00958776454882
-0.614503457558 -1.41241045183
0.208919265345 -0.00958776454882
0.102029999245 -1.05995093847
-0.844466144614 -1.51329809881
0.113106607131 -1.20422528462
-0.183500337372 -1.19297146803
1.54229670798 1.25526605452
0.756042158203 -1.07617397276
0.196181166276 -0.560168735312
-0.270390172567 -1.15768584647
1.01277331432 -0.945387503252
0.887607645204 -1.30417337362
1.29965745856 -0.79839887852
-0.20509972275 -1.61399783419
-1.19251777908 -2.07087355668
0.264363841485 -0.947892991174
-0.111379312692 -1.14179687724
0.652845094731 -0.936618295527
-1.85883728013 -0.953739129657
1.26341233609 1.52356205279
0.652845094731 -0.936618295527
0.6062618049 -1.03099167391
-0.111379312692 -1.14179687724
0.947482864499 -1.06617290014
0.314085503551 -1.1068661998
-1.59287561744 -1.10402664682
-0.649948602794 -0.97461819567
0.418759448074 -0.842662498468
-0.310265960956 -0.325696823986
-0.888711039447 -1.16881438866
-1.74345594798 -1.37136220805
0.867238994036 -1.13897820332
0.435312823192 -1.23706805545
1.46537581988 -0.977958846232
-0.733084698649 -1.42013570626
2.18178620326 1.5413092589
-1.23971643601 -1.06512894684
0.948282841735 -0.843497661109
0.702751366929 -0.811970271429
-0.177715886587 -1.41834010658
0.341100119451 -1.11559364939
0.102029999245 -1.05995093847
-1.25516215034 -1.25519108475
-0.363372142099 -0.946849037873
0.343869271422 -1.04331032285
0.688844070361 -0.607355424501
-0.0980873832289 -1.27563169038
0.208919265345 -0.00958776454882
-0.081226324558 -1.13950017998
-0.420662819553 -1.26955588217
0.871423490348 1.26946381941
1.15750765736 -0.526135857711
-0.0224587660518 -1.18194732118
-1.12261207597 -1.88674107351
0.146397967499 -0.976079730291
-0.0447350552447 -1.20384946143
1.30205739027 -0.816563665952
-0.0678728583844 -1.22055271424
1.40943895006 1.62023212843
-0.480907259111 -1.4540224304
-0.0939644236269 -0.978794008873
0.688844070361 -0.607355424501
1.65952414144 1.32792520424
-0.20509972275 -1.61399783419
-1.29528408557 -0.930980947703
-0.54256704301 -1.02848618598
3.15775843144 0.971310756743
0.482203796576 -1.10855740414
-0.256729022841 -1.07769814458
0.314085503551 -1.1068661998
-0.242329432589 -1.13970897064
-0.922740840342 -0.951442432396
-0.345218812508 -1.37770944412
-0.558320440892 -1.21134504613
-0.37001810683 -1.4954882555
-0.786806246896 -1.18898356643
-0.358326131839 -1.38393140579
3.0201008101 0.847915476606
0.0307704885115 -0.95895889616
-0.223806882735 -1.42408184973
-0.348603331584 -1.40349509064
-0.609949740983 -0.595663147534
-0.388540656684 -1.13803864535
1.06994091835 -0.92617876252
0.0205553945722 -1.20414176835
-0.00215165159409 -1.22535489942
-0.922740840342 -0.951442432396
-0.803851915699 -1.39764895216
-0.334203741332 -1.3612567401
-0.979600760823 -1.36209190274
-0.215314816689 -1.36601716715
0.0207400047036 -1.35850070339
-0.749145780084 -1.3975654359
-0.781944846768 -1.44287300914
0.0207400047036 -1.35850070339
3.41559724834 1.85282492381
1.11172434476 -0.859574541939
0.0413548027137 -0.455147033267
-0.446754384796 -1.54898042262
1.07775608058 -0.794014274658
0.329100460908 -1.15515947948
0.942806074503 -1.02451916344
0.225349567042 -1.04706855474
0.156428451307 -1.16939900251
1.88567155244 1.61396840862
0.208919265345 -0.00958776454882
-0.480907259111 -1.4540224304
-0.663363605678 0.423235273901
-1.38697378419 1.410397515
-0.102948783357 0.908882349364
-1.41595757482 1.57033116066
-0.909879667852 1.46948527181
-0.511183320666 1.19388160044
-0.725700293392 0.797388136854
-1.41651140522 -0.151565413437
-1.19928681723 1.55154000124
-1.50327816699 1.54611144408
-0.570504709567 1.09491482754
0.396483158881 0.960244851756
-0.381956228663 1.31999115916
-1.0440912334 1.44213369534
-0.546259245639 0.419059460698
-0.942494124405 1.23772763907
0.110952822264 0.425740761822
-1.10082808046 1.24127708029
-0.886988011554 1.14314547003
-0.985754431871 1.37406794013
-1.12938111413 0.960662433076
-0.782929434136 1.28115609638
0.0737846491355 0.286686182176
-1.36703588999 1.26967261007
-0.787729297553 1.52564995939
-0.845696878823 1.35924380326
-0.734192359438 0.543707484796
-0.911664232456 0.899904350978
-0.830558848046 1.34588120102
-0.983292963452 1.31122195143
-0.138763148855 0.343477241731
-1.12870421031 0.977783267207
0.170397284586 1.43106779035
0.208919265345 -0.00958776454882
-0.525029080524 0.609058961417
-0.856342729736 0.283763112934
-1.13048877491 0.980706336448
-0.0160589481621 0.698003782632
-0.576350697062 0.963794292978
-0.922125473237 1.12665100788
-1.64690484924 -0.15532364532
-0.730561693519 1.07194785493
0.828593939856 0.363938726424
-0.863850208414 1.15609049096
-0.0131051860591 0.651652256083
-0.996707966336 1.36863938297
-0.916279485741 1.96348397368
-1.18322573579 1.54527628144
-0.888157209053 1.3187384152
-0.850927499214 1.20787057467
-1.60918284572 1.33627683065
0.179443181026 0.823695760031
-0.802190424516 1.63777054388
-0.911664232456 0.899904350978
-0.921017812448 1.16799155859
0.697028452854 0.528048185286
-0.450631197556 1.15609049096
-0.202330570778 1.12623342656
-0.99726179673 0.883827470148
-0.719977379317 1.23062875662
-1.23294739786 1.75949549873
-1.79576215189 1.83361618308
-1.04507582077 1.23271666323
-1.01984576948 1.15734323492
-0.883357345636 1.28282642166
-1.09208986758 1.84468208807
-1.45546414295 1.28136488704
-1.17897970277 0.953354759971
-0.548474567216 1.30412306899
-0.51161407764 1.16757397726
-0.890987897735 1.24002433633
-1.16821077844 0.121741560673
-1.1909178246 1.88351715085
-1.17984121672 0.146796439889
-0.612718892955 1.07612366813
-0.233283536149 1.08176101595
-0.28885118571 0.852091289808
-0.517829285398 0.975904151265
-0.383494646425 0.565004132129
-0.539059450513 1.33794715593
-0.886557254581 1.580561903
-0.977816196219 1.29389232664
-0.639364288591 1.34734273564
-0.808959462668 1.40434258585
-0.832466486071 1.08176101595
-0.233283536149 1.08176101595
-0.851296719477 0.936233925841
-1.21399409103 1.25109024132
-0.301220064516 1.01056340085
-0.512598665007 1.19325522846
-1.15208816029 0.370411236888
-0.67394791988 1.41165025896
-1.08618234337 1.40893598038
-0.274020838485 0.848124267266
-0.916833316136 1.59580362119
-1.06002924142 1.26758470347
-0.945263276376 1.03373916412
-1.74191753022 0.610729286698
-0.608042102958 1.08656320113
-0.779483378349 1.03290400148
-0.629949171888 1.16778276792
-1.2830998169 1.30641976625
-1.77477813362 1.41436453754
-0.771606679408 1.06464018182
-0.978739246876 1.33377134273
-0.485153292134 1.37552947475
-1.01498436935 1.15922235086
-1.21928624813 1.20244201751
0.030832025222 0.709696059599
-0.772837413618 1.58536408819
-0.578566018639 0.834970455678
-0.984523697661 1.19972773892
-0.914494921138 0.996365635958
-0.406693986275 1.01640953933
-1.06193687944 1.3475515263
-0.915048751532 1.07821157473
-1.82548438305 2.00920912825
0.265409965563 0.72702568439
-0.877942115114 1.12873891448
-0.207930411432 0.589223848704
-0.206576603801 0.761476143312
-0.615241898084 1.16381574538
-1.09855122218 0.942706436305
-1.02944549631 1.30370548767
-0.65856374226 1.30119999975
-1.16168788713 1.442342486
-0.879172849323 1.46510066795
-1.30279156425 1.30704613823
-1.09436672586 1.50790275328
-0.561458813127 1.17091462783
-0.574319985616 0.632861096672
-0.304666120303 0.95105806271
-1.29226878676 1.12581584524
-0.625826212286 1.16924430255
-0.869819269331 1.11725542817
-0.974431677143 1.75448452289
-0.359433792628 0.888420864671
-1.54247705156 1.0610907406
-0.791729183734 1.13938723815
-0.990554295288 1.18490360206
-1.91046658022 1.3899360303
-0.968216469385 1.31330985804
-1.12599659505 1.2867934442
-1.22980902563 1.42208979196
-1.09793585507 -0.0799502170127
-0.432662478097 0.964629455618
-1.00833840462 1.15838718822
-1.23663960049 1.47136438775
-0.690932051972 1.59413329591
-0.800528933333 1.25109024132
-0.517890822108 1.00638758764
-0.761391585469 1.8329898111
-0.228852892994 0.115060259549
-0.733023161939 1.16026630416
-0.14460913635 1.37887012532
-1.1609494466 1.65447379669
-1.15547267937 1.29994725579
-1.04704499551 1.29493627994
-0.172854486459 1.00534363434
-0.83628176212 1.39494700615
-1.1069202148 1.38137561324
0.0371087696907 0.880695610246
-0.564351038519 0.996783217278
-1.34697492238 1.24190345227
-1.0106152629 1.12685979854
-1.01984576948 1.85929743428
-0.512598665007 0.358927750581
-1.63447443373 1.60916622344
-0.701700976305 0.323224547699
-0.872219201039 1.34295813177
-0.551797549582 0.311114689411
-0.475061271616 1.22060680494
-1.06310607694 -0.68544313139
-1.57404538404 1.00784912227
-0.369279666304 1.30161758107
-0.727300247864 0.897398863056
-0.969324130173 1.26695833149
-0.875234499853 0.66188299843
-0.776652689667 1.27468358591
-0.313465869901 0.941036111024
-1.29823784768 0.868794542619
-1.30334539465 1.43106779035
-0.642010367142 1.46113364541
-0.792344550839 -0.723860612854
-0.920402445343 1.34149659715
-0.937571187567 0.83872868756
0.202396374034 0.580872222299
-0.575550719826 1.27280446997
-0.909756594431 1.41749639744
-1.03344538249 0.923288904913
-0.901202991674 1.80167121208
-1.00169243988 1.31268348606
-0.773760464275 1.3496394329
-0.906002855092 1.42605681451
-1.05030644116 1.24983749736
-0.997384870151 1.30725492889
-0.168485380016 0.493806517025
-0.633333690965 1.07842036539
-0.845696878823 1.35924380326
-0.38281774261 0.877563750344
-1.83028424647 1.38722175172
-1.05904465405 0.8385198969
-1.15374965148 1.30621097559
-1.07516727219 1.55655097709
-1.15110357292 1.16924430255
-0.958924426102 1.5774300431
-1.32026799003 1.73172634094
-1.20076369828 1.59204538931
-1.6918881846 1.49099070981
-1.11885833663 1.20703541203
-0.190638595788 0.96650857156
-0.0988258237547 0.5499712046
-1.0640291276 1.48973796585
-0.916648706004 0.375422212731
-0.928463754416 1.64800128622
0.299255156326 0.875267053083
-0.766437595728 1.59663878383
-0.816836161609 1.77849544881
-1.18993323724 1.22123317692
-0.78477553545 1.13354109966
-1.11811989611 1.66345179507
-0.864773259071 1.25818912376
-1.46180242413 1.63255077737
-0.831174215151 1.16444211736
-0.633333690965 1.07842036539
-1.19294853605 1.32249664708
-1.28002298138 1.39703491275
-0.714069855111 1.26487042489
-0.759053190471 1.39599095945
-0.884588079845 1.20223322685
-1.13387329399 1.33001311085
-0.863973281835 0.782563999985
-1.01036911606 1.42689197715
-1.43318785375 1.67994625722
-1.65207393292 0.927255927455
-1.10765865533 1.00910186623
-0.8414508458 1.17947504489
-0.9624320186 1.29013409476
-1.50013979475 1.3538152461
-0.713085267744 1.44630950854
-0.929202194942 1.18135416083
-0.447862045585 1.3506833862
-0.818805336345 1.06568413512
-1.39306591852 1.26403526224
-0.573027714696 1.37177124287
-0.634749035306 1.27050777271
-0.802436571358 1.31623292728
-0.803421158725 1.30119999975
-1.67884240198 1.23396940719
-0.977508512667 1.56323227821
-0.278697628481 1.05106878891
-1.77336278928 0.820981481449
-1.20371746038 1.58974869205
-0.924833088498 1.50038628951
-0.853081284081 1.22102438626
-1.01209214396 -0.153653320039
-1.37140499643 1.548616932
0.432666744642 1.08238738793
-0.291004970577 1.71606704143
-0.591857948103 1.24983749736
0.837332152744 0.264554372202
-1.15559575279 1.09762910612
-0.204607429066 0.814926552305
-1.6918881846 1.49099070981
-0.91997168837 1.28345279364
-0.561828033389 1.33084827349
-0.58256590482 -0.865420680422
-0.999292508176 1.30182637173
-0.802436571358 1.31623292728
0.112921996999 0.883409888828
-0.900772234701 1.61939696579
-1.01886118211 1.21058485325
-1.12673503558 1.43399085959
-1.35171324908 1.25923307706
-0.398509603781 0.813256227024
-0.357464617893 0.479817542796
-0.993138837128 1.37218882419
0.251810352548 0.674410438037
-0.140178493196 0.877772541004
-0.616964925978 0.0160934866472
-0.765883765334 1.22144196758
-1.06390605418 1.11203566167
-0.715792883005 0.968596478161
-1.83293032502 1.3496394329
-0.493337674628 1.06985994832
-0.996031062521 1.32166148444
-0.394694327732 1.19701346034
-0.822866759236 1.56093558095
-1.21725553669 1.48932038453
-0.73062323023 1.06401380984
-0.851973623292 1.42125462932
-0.0447965919552 0.605300729534
-0.633887521359 0.88737691137
-1.64690484924 -0.15532364532
-0.107440963222 0.463740661966
0.320608394862 0.480652705437
0.476973176186 0.628267702149
-0.95215538795 1.39599095945
-0.779483378349 1.03290400148
-1.06144458576 1.62921012681
-0.7357307772 1.45988090145
-1.15134971977 1.4156172815
-0.962062798337 1.56657292877
-0.272913177696 0.878190122324
-1.36598976591 1.72650657443
-0.112240826639 0.810124367122
-0.616841852557 0.574817293155
-0.932279030466 1.15066193379
-1.41146539496 1.02058535253
-1.76782448533 1.75803396411
-1.24771620837 1.2239474555
-0.795790606626 1.41937551338
-1.04612194485 1.54715539738
-0.998000237256 1.13938723815
-1.19036399421 1.10973896441
0.663060188671 0.487751587881
-1.20451743762 1.36154050053
-0.458015602813 1.05399185815
-0.860219542496 1.63171561473
-1.06458295799 1.31372743936
-1.13731934978 1.5083203346
-0.953816879133 1.33878231857
-0.787729297553 1.52564995939
0.308239516056 0.715333407423
-0.959724403339 1.24524410283
-1.22636296984 1.69978136994
-1.19134858158 1.37657342806
-0.148178265558 0.696542248011
-0.0295970244672 0.6468500709
0.0309550986429 0.829333107854
-0.950678506898 1.29472748928
-1.18525644724 1.25860670508
-0.900341477728 1.14418942333
-0.385279211029 0.813256227024
-0.395125084705 1.1888706246
-0.65597920042 1.58995748271
-0.798682832018 1.2517166133
-2.02006346158 1.24983749736
-1.77687038177 1.40663928311
-0.857327317104 1.49767201093
-0.843050800273 1.43378206893
-1.09270523468 1.34671636366
-0.969201056752 0.501114190129
-1.67379639172 0.851673708488
0.0172939489169 1.0631786472
-1.3770663738 -0.450344848084
-0.310512107798 0.825157294651
-1.49287846292 1.68328690779
-0.675055580669 1.68078141986
0.0812921278138 0.906585652102
-0.356356957104 0.928299880756
-1.10981244019 1.23939796435
0.533340802983 0.349114589555
-1.18716408526 1.40768323641
-1.11885833663 1.20703541203
-0.818436116082 1.14794765521
-1.1450729753 -0.00499437002595
-0.842866190141 -0.132774254026
-0.0505195060296 1.05044241693
-0.628410754126 0.666058811632
-0.892095558524 1.40956235236
-0.818313042661 1.59496845855
-1.81969993227 1.01306888877
0.983112619866 0.696959829332
0.023878376938 0.553729436482
-1.2443316893 1.27134293535
-1.11885833663 1.20703541203
-1.03836831933 1.40601291113
-1.2466700843 1.31623292728
-1.06433681115 1.31435381134
-1.22636296984 1.69978136994
-1.38162009037 1.31059557945
-1.0792902318 1.34233175979
-0.308789079905 1.49328740707
-0.75253029916 1.01139856349
-0.676655535141 0.840190222181
0.452112345153 0.606971054815
-0.929263731652 1.25756275178
0.420174792415 0.69466313207
-0.706993133406 -0.126510534222
-0.676655535141 0.840190222181
-0.484476388319 1.01432163273
-0.603242239541 1.82818762592
-0.839112450802 1.06693687908
-0.950432360057 1.70333081116
-0.943971005456 1.11746421883
-0.323004060025 1.09115659566
-0.927417630338 1.17822230093
-0.795298312942 0.741849821259
-0.922125473237 1.12665100788
0.942683001082 0.594443615208
-0.987785143317 1.3475515263
-0.991477345945 1.65050677415
-0.63019531873 1.0239260031
-0.151993541607 0.690487318867
-0.75893011705 1.30976041681
-1.24913155272 1.40872718972
-0.897387715625 1.47574899162
-0.492783844233 1.19221127516
-0.85166593974 1.48222150208
-0.752899519423 1.19137611252
-0.65850220555 1.13625537825
-1.14316533727 1.40455137651
-0.739546053249 1.33126585481
-0.899726110623 0.571059061273
-1.33971359054 1.3826283572
-1.02107650369 0.121950351333
-0.707054670117 1.101387338
-1.12433510387 1.47804568888
-0.852527453686 0.958992107795
-0.110025505062 0.799893624776
-0.564351038519 0.996783217278
-0.215991720504 0.668564299554
0.290393870017 0.552685483182
-1.0939975056 1.58724320413
-0.509767976325 0.977365685886
-0.933878984938 1.49683684829
-0.812774738718 1.17843109159
-0.926986873365 1.28407916562
-1.36328215065 1.21789252636
-0.13814778175 0.496938376927
-0.823789809893 1.25192540396
-0.73197703786 0.855849521691
-0.0390736778808 0.814717761645
-0.879172849323 1.46510066795
-0.940648023091 1.40517774849
-0.810928637403 1.05962920598
-1.25633134784 1.53316642315
-0.149101316215 0.686102715005
-0.705454715645 1.58849594809
-1.09510516639 1.21726615438
-0.921079349159 1.38596900776
-1.14267304359 1.25129903198
-0.991661956077 1.3454636197
0.289716966202 0.637663281855
-0.706685449854 0.772124466978
-0.831420361993 1.17634318499
-0.515983184083 0.948970156109
-1.22900904839 1.39473821549
-0.840650868564 1.18448602074
-0.395125084705 1.1888706246
-1.48081726766 -0.714256242488
-1.03676836486 1.21831010768
-0.968278006095 0.973189872684
0.0422163166604 0.653948953345
-0.376294851299 0.936233925841
-0.87228073775 1.21246396919
-1.02944549631 1.30370548767
-0.118025277424 0.911805418605
-1.16821077844 0.121741560673
-1.2525776085 1.31894720586
-1.04778343603 1.04835451033
-1.05030644116 1.68829788363
-0.830189627783 1.57784762442
-1.37491258893 1.18970578724
-0.507983411721 1.54694660672
-0.627856923732 1.06902478568
-0.740407567196 -0.725739728795
-1.01713815421 1.13834328485
0.0700924465068 0.607179845476
-0.680163127638 0.992607404076
-0.935786622963 1.38701296106
-0.351249410134 0.890091189952
0.385406550995 0.993233776056
-0.715608272873 1.18156295149
-1.01430746553 1.32416697236
-0.437646951645 1.29263958268
-1.18710254855 1.0569149274
-1.05147563866 1.13834328485
-0.22965287023 0.896981281736
-0.186700246317 1.38763933304
-0.742684425484 1.18177174215
-0.730746303651 1.07633245879
-1.10519718691 1.30600218493
-1.20347131354 1.31310106738
-1.1644570391 1.33585924933
-0.61727260953 0.91953067303
-0.276666917035 0.749575075684
-1.4434644844 1.32938673887
-1.20937883775 1.12268398534
-1.07590571272 1.25255177594
-1.22943980536 1.45549629758
-0.867480874333 1.51625437968
-0.762437709547 1.44025457939
-0.804528819514 1.01014581953
-0.602134578752 1.34504603838
-0.162393245678 0.928508671416
-0.986369798976 1.21392550381
-0.293527975706 1.34838668894
-1.0916591106 1.57450697386
-0.593211755733 1.56949599802
-0.987477459764 1.21476066645
-1.10064347033 1.48618852462
-1.22950134207 1.08113464397
-1.21928624813 1.19889257628
-0.928709901258 1.79039651643
-0.479984208454 1.38283714786
-0.879726679718 1.27990335241
0.287317034493 0.708860896959
-0.999107898044 1.03728860534
-0.861450276706 0.507795491254
0.208919265345 -0.00958776454882
3.63836014027 1.18218932347
2.05428213915 -0.498575490574
-0.818743799634 0.00920339486289
1.23756691769 -0.683355224789
0.78533363239 -0.141334671091
0.208919265345 -0.00958776454882
1.23756691769 -0.683355224789
2.99185545999 -0.0365217597056
0.208919265345 -0.00958776454882
1.01351175484 -0.304817757973
0.208919265345 -0.00958776454882
1.54081982693 -0.257839859444
0.208919265345 -0.00958776454882
0.398083113353 0.366026633025
2.24972273163 -0.457443730528
0.397406209538 -0.516113906024
1.50414394748 -0.645981696625
0.208919265345 -0.00958776454882
0.208919265345 -0.00958776454882
0.208919265345 -0.00958776454882
0.208919265345 -0.00958776454882
1.33350264933 -0.311081477777
0.922068203072 -0.30085073543
0.94120612003 -0.440531687057
0.208919265345 -0.00958776454882
1.1624305942 -0.624058677312
0.208919265345 -0.00958776454882
0.208919265345 -0.00958776454882
0.951913507653 0.617201797162
0.208919265345 -0.00958776454882
-0.00645922132754 -0.520498509887
0.208919265345 -0.00958776454882
0.673582966162 -0.176411501993
0.208919265345 -0.00958776454882
1.26741222227 -0.409839460018
0.717889397706 -0.328619893228
0.768287963588 0.0371813433203
1.34562538129 -0.468718426175
1.1589230017 -0.0342250624442
-0.671917208434 0.0192253465491
1.59238759031 -0.276422228195
2.22720029559 -0.0889282153983
0.208919265345 -0.00958776454882
0.539556010742 0.191060059836
1.34740994589 -0.354927516404
-1.31005289609 0.124455839255
0.311870181974 0.349949752195
1.10926287634 -0.773552789965
2.29150615804 -0.349707749901
0.208919265345 -0.00958776454882
0.933021737537 -0.0148075310521
1.05055685455 -0.128389650163
0.208919265345 -0.00958776454882
-0.910433498246 1.26633195951
0.208919265345 -0.00958776454882
0.208919265345 -0.00958776454882
0.942190707398 -0.206894938372
0.208919265345 -0.00958776454882
1.39860848901 -0.448674522802
-0.0572270074717 0.208598475287
1.3198414996 -0.0530162218559
0.208919265345 -0.00958776454882
0.376976021659 0.0229835784315
0.208919265345 -0.00958776454882
2.18633991984 -0.488344748227
0.909945471107 -0.354718725744
0.642876147634 -0.390630719286
0.208919265345 -0.00958776454882
0.679305880237 0.202125964823
0.208919265345 -0.00958776454882
0.208919265345 -0.00958776454882
0.208919265345 -0.00958776454882
0.208919265345 -0.00958776454882
-0.0208588115793 -0.0747304505094
0.208919265345 -0.00958776454882
0.208919265345 -0.00958776454882
0.208919265345 -0.00958776454882
0.208919265345 -0.00958776454882
0.877577161396 -0.794640646638
1.43393056083 -0.259718975385
0.234395463482 -0.491059026809
1.20310635982 -0.790673624096
0.0247398908847 0.303180644326
0.208919265345 -0.00958776454882
-1.15104203621 -0.711959545227
1.95828487081 -0.214202611476
1.13221606935 -0.603179611299
1.09910931912 -0.65308057907
4.65433123026 0.530136091888
0.955913393834 -0.105005096228
2.02708291312 -0.645355324645
1.11849338292 0.69424555075
0.459742897252 -0.311916640417
1.20919849416 -0.128389650163
-0.317281145951 0.0392692499216
1.47879082276 -0.0939391912414
-0.661640577784 -0.106466630849
3.43836583122 -0.393971369848
1.41122351466 -0.49356451473
1.43811505714 -0.334883613032
0.208919265345 -0.00958776454882
2.01674474576 -0.361400026868
0.208919265345 -0.00958776454882
-1.33934437028 -0.459114055809
0.773457047268 -0.298345247509
1.02809595522 -0.202927915829
4.04204096101 -0.39585048579
0.617830706469 0.257873071078
-1.09362828534 -0.564135757854
0.208919265345 -0.00958776454882
0.406452105978 -0.367454956012
1.05215680902 0.256411536457
2.05366677205 -0.436564664515
0.766380325563 0.584630454182
0.208919265345 -0.00958776454882
0.217042111128 0.924959230194
0.208919265345 -0.00958776454882
0.68096737142 -0.463707450332
0.208919265345 -0.00958776454882
0.626384309226 -0.0651260801434
1.26359694622 -0.366411002711
-0.6417642203 -0.318180360221
0.639922385531 -0.105005096228
1.80862759092 -0.308158408535
3.14938943881 0.106708633144
1.78413598015 -0.542212738541
1.25048962689 0.000225396477298
0.208919265345 -0.00958776454882
0.208919265345 -0.00958776454882
1.77730540529 -0.567476408417
2.59408216346 -0.60484993658
0.339869385241 0.227807216019
1.35134829536 0.0213132531504
0.454573813572 0.18145568947
1.34617921168 -0.448883313463
-0.514075546059 -0.291455155724
0.118460300942 0.289818042078
-0.675486337642 -0.979211590193
1.87102581535 -0.214202611476
1.90850167203 -0.307532036555
1.02895746917 0.103159191921
1.11350890937 -0.36474067743
0.208919265345 -0.00958776454882
0.405652128742 0.769410188397
-0.309835203983 0.527004231986
0.208919265345 -0.00958776454882
1.6716468734 -0.475608517959
0.208919265345 -0.00958776454882
1.62050986699 -0.313586965698
2.04905151876 -0.379147232979
1.32599517065 -0.315257290979
0.208919265345 -0.00958776454882
3.43836583122 -0.393971369848
0.10787598674 0.0223572064511
0.741088737556 -0.302729851372
0.673644502873 -0.431762479332
0.998127577222 -0.253872836901
0.401959926113 0.39003755894
1.66198560986 -0.392718625888
-0.785452439266 -0.0427854795095
0.52127960773 0.4530923383
0.208919265345 -0.00958776454882
1.59300295741 -0.673542063763
0.543002066528 0.320927850437
1.74001415874 -0.47707005258
1.32544134025 -0.237169584091
0.208919265345 -0.00958776454882
0.516356670892 -0.774805533926
1.32968737328 -0.294378224966
-0.0697804964092 0.721388336567
0.53155623838 0.240543446287
-0.916587169294 0.143664579987
0.208919265345 -0.00958776454882
0.208919265345 -0.00958776454882
1.37485531877 -0.493773305391
3.48882593381 2.06913204771
0.0699078363754 0.396092488084
-0.719362012213 -1.00447526007
5.02355149313 1.17174979047
1.35879423733 -0.282894738659
0.694813131277 -0.378103279678
2.3840573706 -0.117114954516
-1.10070500704 -0.874398678808
1.75607524018 -0.404828484175
1.23067480612 -0.586685149148
1.39663931428 -0.143840159012
0.208919265345 -0.00958776454882
1.39436245599 -0.470179960796
0.982743399603 -0.398773555031
0.755180644256 0.0582691999935
1.46328357172 -0.63742127956
-1.03313769894 -1.90870585096
0.573031981242 -0.416103179822
0.719981645863 0.0977306347581
0.331069635643 0.00795065090211
1.06347956375 0.0290385075753
2.16400209393 -0.60589388988
1.06212575612 -0.194158708104
-0.521583024737 0.0319615768171
0.208919265345 -0.00958776454882
0.208919265345 -0.00958776454882
1.22372115783 -0.135697323267
-1.27270011283 0.519070186901
-0.641948830431 -0.14029071779
1.23990531269 -0.166598340967
1.3938701623 -0.46141075307
0.208919265345 -0.00958776454882
1.01948081576 -0.280389250738
-0.137470877935 -0.0335986904638
2.52251496918 -0.586893939809
1.43423824438 -0.289367249123
0.610569374633 0.297334505842
1.36322488049 0.0219396251308
0.900653427825 -0.455147033267
1.70487669706 -0.425081178208
0.208919265345 -0.00958776454882
0.0292320707496 -0.282685947999
1.00569659261 -0.31588366296
-0.0548886124735 0.556652505724
0.420605549388 0.334708034006
-0.52453678684 -0.4764436806
0.208919265345 -0.00958776454882
0.38737572573 0.445367083875
0.208919265345 -0.00958776454882
0.208919265345 -0.00958776454882
0.714874098893 -0.878992073331
1.91274770505 -0.629696025135
0.890499870596 -0.189147732261
-0.1948230921 0.628058911489
1.64844753355 -0.29959799147
1.35793272339 -0.612366400344
0.320239174599 -0.0711810092872
0.535371514429 0.306103713568
-0.363433678809 1.09658515282
-0.231314361413 0.331367383444
0.487495953678 -0.00457678870569
-0.433400918622 0.488377959862
0.643368441318 -0.0678403587251
1.00840420787 -0.192279592163
0.749703877023 -0.39689443909
1.73896803466 -0.549937992966
1.50414394748 -0.645981696625
-1.06569061878 1.7753635889
-0.200422932753 0.685893924345
-0.19094627934 -0.274751902914
1.41423881347 -0.293125481006
0.208919265345 -0.00958776454882
1.23768999111 -0.121081977058
3.185696098 -0.141125880431
1.15338469776 -0.0413239448886
0.603984946612 -0.333213287751
0.0136632829987 0.85438798707
1.05215680902 0.256411536457
0.208919265345 -0.00958776454882
1.81268901382 -0.369751653273
0.208919265345 -0.00958776454882
-0.866434750254 0.621586401025
0.628045800409 -0.542839110521
1.6968769247 -0.206686147712
2.07151241809 -0.270784880372
-0.0271355560481 -0.0525986405356
0.208919265345 -0.00958776454882
1.15806148775 -0.129433603464
0.00160208774505 0.714915826103
0.208919265345 -0.00958776454882
0.208919265345 -0.00958776454882
0.651245140259 0.0952251468365
-0.646810230559 0.0776867313856
0.882869318497 -0.127972068843
0.208919265345 -0.00958776454882
0.897515055591 -0.148224762875
0.208919265345 -0.00958776454882
0.88711535152 0.298587249803
1.26175084491 -0.391883463247
1.66709315683 -0.625937793253
0.208919265345 -0.00958776454882
2.4439325899 -0.517575440645
0.208919265345 -0.00958776454882
0.810994440659 -0.136323695248
0.0857227709682 -0.9268051345
1.69989222351 -0.423202062267
1.14120042908 -0.31588366296
1.61521770989 -0.503377675757
0.208919265345 -0.00958776454882
-0.198946051702 0.723893824488
-0.317281145951 0.0392692499216
0.208919265345 -0.00958776454882
-0.508660315537 0.168928249862
1.59361832452 -0.409630669358
1.56617295164 -0.342817658116
0.208919265345 -0.00958776454882
-1.4510950365 -0.581047801325
-1.33940590699 0.586300779463
1.26150469807 -0.547432505044
0.752534565705 -0.0684667307055
0.208919265345 -0.00958776454882
0.208919265345 -0.00958776454882
0.208919265345 -0.00958776454882
1.42346932004 -0.483333772384
1.02809595522 -0.202927915829
0.208919265345 -0.00958776454882
1.17079958682 0.580663431639
1.77225939503 -0.387916440705
-0.173839073827 -0.907805184429
0.810994440659 -0.136323695248
-0.0175358292135 0.156192019595
-0.406263229302 -0.383114255522
2.66589550459 -0.419443830384
1.52082039602 -0.600882914037
0.208919265345 -0.00958776454882
0.482080723155 -0.376850535718
1.27504277437 -0.651201463129
0.208919265345 -0.00958776454882
0.599431230037 0.430334156345
1.19110670128 -0.554531387488
1.51534362879 -0.393762579188
0.208919265345 -0.00958776454882
0.208919265345 -0.00958776454882
1.14033891514 -0.344487983398
0.208919265345 -0.00958776454882
0.208919265345 -0.00958776454882
1.23067480612 -0.586685149148
0.238333812953 0.538278927633
0.0942148370141 -0.006664695307
1.99262235525 -0.239466281352
-0.112856193744 0.108796539745
0.208919265345 -0.00958776454882
0.208919265345 -0.00958776454882
1.06212575612 -0.194158708104
-0.397586553124 -0.624476258632
0.111506652658 0.548718460639
0.430943716748 0.72723447505
3.98542718737 0.24576321279
1.36304027036 -0.38081755826
0.208919265345 -0.00958776454882
0.208919265345 -0.00958776454882
0.0192631236522 -0.201048799888
0.208919265345 -0.00958776454882
0.904037946902 -0.179334571235
3.21455681521 -0.353883563103
0.731919767695 -0.164092853045
0.208919265345 -0.00958776454882
-0.657886838445 0.394839744123
0.703859027717 -0.46057559043
2.03748261719 -0.505048001038
0.471004115269 0.257246699097
1.67392373169 -0.416729551803
0.801825470798 0.0215220438106
0.208919265345 -0.00958776454882
1.4590375387 -0.572069802939
1.29251920015 -0.195620242725
0.208919265345 -0.00958776454882
0.0316935391687 -1.84053570043
0.208919265345 -0.00958776454882
0.208919265345 -0.00958776454882
2.62232751357 -0.213785030156
0.847670320104 0.0586867813137
0.714935635603 0.475015357613
1.04317244929 -0.382905464861
0.208919265345 -0.00958776454882
-0.014766677242 -0.420070202365
1.19486044062 -0.164719225025
1.2288287048 -0.229444329666
0.497772584327 -0.193323545463
0.208919265345 -0.00958776454882
1.33282574551 -0.622805933351
0.208919265345 -0.00958776454882
0.208919265345 -0.00958776454882
0.0246783541742 -0.021071250856
1.85884154667 -0.434059176593
0.208919265345 -0.00958776454882
-1.09147450047 -0.443454756299
1.54709657139 -0.404619693515
1.51177449958 -0.496070002652
0.630138048565 0.45434508226
0.964774680143 -0.583135707926
0.651860507364 -0.260345347365
0.890499870596 -0.189147732261
1.15387699144 -0.439278943097
1.43226906964 -0.298762828829
0.49943407551 -0.507762279619
-0.322019472658 -0.46120196241
-0.270636319409 -0.334883613032
1.29356532423 -0.0653348708036
0.234457000193 -0.249070651718
-1.1127662023 0.0804010099673
1.00354280774 0.0651592917778
0.940959973188 -0.521960044508
1.76665955438 -0.648695975207
1.25264341176 -0.116906163856
1.54291207508 -0.415685598502
0.208919265345 -0.00958776454882
0.208919265345 -0.00958776454882
1.38248587087 -0.372465931855
1.20538321811 -0.229653120326
0.208919265345 -0.00958776454882
-0.528536673021 -0.779816509769
1.25559717386 -0.395432904469
0.208919265345 -0.00958776454882
1.91896291281 -0.499410653214
0.255317945045 1.07675004011
-0.447369751901 0.27770818379
1.18544532392 0.241378608928
2.49790028499 -0.381652720901
0.208919265345 -0.00958776454882
1.20809083337 -0.486256841626
1.22809026428 -0.296883712888
0.0316935391687 -1.84053570043
0.00732500181948 0.254323629856
0.208919265345 -0.00958776454882
0.387437262441 -0.886299746435
1.67238531393 -0.309828733816
0.208919265345 -0.00958776454882
1.0103118459 0.665223648992
0.208919265345 -0.00958776454882
0.208919265345 -0.00958776454882
1.61380236555 1.9906267595
0.0895380470178 -0.0860051461564
0.459558287121 -0.270784880372
1.82475020907 -0.00353283540504
0.602754212402 0.461861546025
2.07945065374 -0.0989501670845
0.208919265345 -0.00958776454882
1.02889593246 -0.338224263594
0.208919265345 -0.00958776454882
1.19756805588 -0.319433104182
0.208919265345 -0.00958776454882
0.999665994984 -0.0582359883591
0.208919265345 -0.00958776454882
1.48672905842 -0.484795307005
1.58395706097 -0.432388851312
0.208919265345 -0.00958776454882
1.62414053291 -0.62197077071
0.208919265345 -0.00958776454882
1.05929506744 0.501114190129
0.208919265345 -0.00958776454882
0.208919265345 -0.00958776454882
0.835055294456 -0.291455155724
1.14803100395 -0.376432954397
0.208919265345 -0.00958776454882
1.10563221043 -0.23549925881
1.53737377114 -0.387290068724
0.208919265345 -0.00958776454882
1.62500204686 -1.09358711381
1.06021811809 -0.49252056143
1.28162720239 -0.661849786795
1.35793272339 -0.612366400344
0.208919265345 -0.00958776454882
2.10597297595 -0.66999262254
0.208919265345 -0.00958776454882
0.208919265345 -0.00958776454882
1.87496416482 -0.301685898071
-0.785452439266 -0.0427854795095
0.855423945624 0.227180844039
0.401898389403 0.600080963031
0.208919265345 -0.00958776454882
0.208919265345 -0.00958776454882
0.208919265345 -0.00958776454882
3.80020168883 -0.384366999482
0.469219550666 0.439520945391
0.268979094771 -0.603597192619
-0.336849819883 -0.355345097724
1.57220354927 -0.179752152555
-1.223778428 -0.215455355437
0.860962249567 -0.00165371946387
0.208919265345 -0.00958776454882
1.13984662145 0.0545109681111
0.208919265345 -0.00958776454882
1.87102581535 -0.214202611476
1.92074747742 -0.694421129776
1.35713274615 -0.510476558201
-0.603796069935 -0.0642909175029
1.61546385674 -0.566850036436
1.67226224051 -0.560586316632
1.79539719817 -0.421531736986
0.208919265345 -0.00958776454882
1.95102353897 -0.17202689813
1.15916914854 -0.358685748286
1.66549320235 -0.550773155606
0.701705242851 0.272697207947
1.31325707158 -0.424454806227
0.208919265345 -0.00958776454882
0.574878082556 -0.274751902914
1.35110214852 -0.154906063999
1.02471143615 -0.511938092822
-0.634256741622 -0.337806682273
1.56438838704 -0.439278943097
2.04609775666 -0.592740078292
-0.31334279648 -0.352004447162
0.982497252761 -0.409839460018
0.208919265345 -0.00958776454882
0.208919265345 -0.00958776454882
-0.0542117086583 0.788618929129
0.706197422716 0.105873470503
0.234457000193 -0.249070651718
0.550201861654 -0.151356622777
0.607984832793 0.215488567071
1.14550799882 -0.00541195134622
