810.21 1662.1
632.72 2188.2
367.1 717.57
363.77 793.89
304.11 800.11
519.1 997
456.11 989.89
509.01 1050.6
840.4 1010.9
542.24 1017.8
363.77 793.89
451.78 1085.9
296.56 844.02
411.74 852.62
213.21 1094.5
411.94 1206.1
612.63 1160.7
535.07 1040.4
607.66 2112.6
639.92 1061
373.48 798.37
500 1500
336.82 1203.6
645.37 1084.5
334.88 856.52
304.47 838.29
370.88 1060
601.84 1009.7
302.12 1121.7
490.08 993.96
328.82 779.8
456.57 920.21
564.68 1076.3
735.37 862.75
414.89 981.2
465.7 917.71
956.83 1910.7
345.13 934.81
426.81 1039.3
375.59 881.65
412.6 803.61
335.42 835.19
395.95 642.33
641.19 1124.3
541.54 1342.8
395.69 748.04
454.16 836.6
620.15 1100.6
500 1500
390.01 776.12
365.23 821.94
304.47 838.29
366.71 724.59
371.77 656.54
420.15 732.55
568.19 1066.8
843.78 1074.5
500 1500
403.69 1095
438.14 829.9
676.75 1122.1
505.02 1021.9
375.32 924.42
376.49 766.13
393.75 956.96
366.93 1219.3
438.74 935.41
324.79 793.23
431.75 839.92
331.99 822.82
489.84 1037.1
477.39 920.19
534.1 1101
405.79 839.9
650.46 1086.7
397.93 719.7
411.74 852.62
395.77 903.54
500 1500
309.68 872.97
593.68 1101.1
526.49 999.28
449.08 743.13
407.11 801.67
268.84 836.06
306.51 1403.3
918.74 2154.4
505.66 969.47
660.16 995.45
456.7 954.28
316.6 920.3
309.68 872.97
398.4 773.95
454.55 1172.4
586.83 1114.1
515.34 954.79
287.43 833.95
347.86 823.88
722.88 1050
407.11 801.67
637.89 1081.3
342.18 1001
751.28 988.99
365.23 821.94
479.03 925.69
355.34 964.06
532.49 983.23
509.91 1156.3
632.72 2188.2
390.64 843.69
367.61 736.79
506.95 933.39
688.95 1073
290.09 837.8
680.13 2188.7
366.93 1219.3
431.06 850.34
321.63 944.79
415.69 1004.6
405.05 865.89
572.14 1056
538 884.94
273.21 964.89
522.33 999.88
465.94 1081.4
287.49 791.34
392.35 770.46
660.9 934.31
409.4 832.39
283.62 600.94
505.02 1021.9
625.96 1110.7
688.95 1073
676.75 1122.1
563.08 1011
616.49 2188.8
595.45 1074.7
607.66 2112.6
577.99 1213.7
566.85 1245.8
517.09 974.46
409.27 1321.8
182.73 847.78
408.51 771.66
469.39 927.87
506.34 994
287.49 791.34
633.04 1150.7
691.11 1225.3
510.12 893.33
521.48 970.28
497.93 1236.3
342.18 1001
371.77 656.54
537.37 1075.3
367.61 736.79
423.37 953.61
398.4 773.95
676.75 1122.1
332.62 942.86
531.6 912.36
607.92 1064.3
631.79 1185.6
370.38 779.33
734.36 1157.8
223.06 908.28
482.36 1047.8
283.62 600.94
469.42 853.94
327.77 1079.3
489.84 1037.1
404.37 1011.8
397.68 891.86
469.42 853.94
353.85 1040.1
479.79 939.67
355.6 879.53
846 2245.4
290.09 837.8
323.51 857.73
490.39 1078.2
362.05 866.77
452.93 1065.9
615.03 1062.7
431.75 839.92
332.09 778.14
645.67 1120.8
412.6 803.61
540.32 937.79
336.82 1203.6
432.74 929.56
523.87 996.8
479.03 925.69
390.38 829.96
336.06 870.04
449.08 743.13
435.74 925.31
590.68 1158.8
567.71 1067.7
637.05 945.33
266.66 709.67
264.84 858.34
548.6 1298.1
484.43 927.83
431.06 850.34
500 1500
371.77 656.54
564.57 1010.8
424.33 988.43
516.95 951.75
426.38 1496.5
466.94 994.9
641.19 1124.3
456.7 954.28
979.2 1969.8
449.3 925.85
534.1 1101
460.75 886.88
626.44 1126.8
500 1500
544.41 973.65
913.06 1010.5
795.88 1776
341.63 983.54
431.75 839.92
375.32 924.42
341.28 917.39
332.62 942.86
347.86 823.88
395.24 906.37
333.93 806.53
514.56 998.74
439.98 634.06
604.13 970.96
566 1008.7
449.3 925.85
408.12 2083.5
264.59 994.45
312.57 1012.1
443.52 926.11
604.29 1107.8
936.02 1717.4
371.95 772.58
683.09 1131.5
734.62 912.89
549.37 883.26
393.11 860.45
479.2 938.55
572.88 1117
616.49 2188.8
353.32 897.33
602.73 1061.7
328.82 779.8
596.63 950.98
290.09 837.8
505.02 1021.9
795.88 1776
379.98 781.8
509.01 1050.6
432.74 929.56
552.78 1001.7
330.75 965.61
386.69 1484.2
365.23 821.94
512.12 943.83
374.06 978.34
330.74 897.12
601.36 1067.1
423.37 953.61
264.84 858.34
332.01 860.66
341.78 726.01
543.95 982.03
336.06 870.04
610.29 879.96
510.12 893.33
432.72 731.57
361.62 742.69
366.93 1219.3
506.58 949.11
374.06 978.34
535.49 1302.9
375.32 924.42
398.4 773.95
405.79 839.9
397.69 896.54
626.44 1126.8
336.06 870.04
681.45 1030.1
276.57 843.37
764.09 1028.5
533.47 1034.7
336.06 870.04
452.93 1065.9
407.11 801.67
489.84 1037.1
392.26 985.94
477.76 1033
625.7 1043.5
526.49 999.28
309 1602.4
490.39 1078.2
514.56 998.74
620.15 1100.6
387.9 808.19
393.11 860.45
388.33 1034.4
330.46 946.75
432.74 929.56
596.63 950.98
579.93 976.56
371.77 656.54
456.11 989.89
444.67 993.08
451.97 852.85
623.86 1086.9
366.71 724.59
540.4 1115.3
446.04 1268.2
281.57 821.5
462.54 879.97
373.68 1140.5
534.1 1101
328.17 958.93
400.51 749.41
477.71 821.68
645.67 1120.8
641.19 1124.3
539.97 1062.2
537.37 1075.3
342.18 1001
489.84 1037.1
272.26 512.75
556.42 1043
395.95 642.33
347.84 903.95
607.92 1064.3
611.57 1056.6
509.01 1050.6
414.59 841.97
735.73 2140.6
403.69 1095
405.79 839.9
409.95 844.74
619.26 1013.9
664.38 1060.7
516.95 951.75
304.32 538.48
316.6 920.3
474.66 1230.2
455.02 920.01
213.21 1094.5
630.61 1155.9
610.8 903.99
363.77 793.89
346.2 841.79
449.08 743.13
262.08 903.42
590.68 1158.8
626.26 1143.2
406.34 912.62
405.05 865.89
639.92 1061
772.48 2277.6
500 1500
462.4 938.5
567.76 1344
304.11 800.11
567.71 1067.7
688.95 1073
509.01 1050.6
407 1051.1
363.77 793.89
500 1500
276.57 843.37
304.47 838.29
442.78 858.01
423.37 953.61
518.25 913.73
734.62 912.89
334.96 825.11
485 949.06
403.69 1095
370.99 797
407.11 801.67
363.87 913.55
338.19 935.13
342.18 1001
376.84 884.05
223.06 908.28
600.36 1137.7
414.56 962.74
500 1500
366.19 828.12
500 1500
482.63 996.93
328.82 779.8
484.43 927.83
436.23 933.22
716.68 2105.8
588.91 989.16
497.93 1236.3
422.11 950.12
630.63 1051.8
610.29 879.96
677.25 1122.2
432.72 731.57
272.26 512.75
509.01 1050.6
447.95 957.73
572.14 1056
163.98 1047.8
671.36 2234.3
572.14 1056
564.57 1010.8
447.95 957.73
620.02 993.95
517.09 974.46
207.2 975.82
360.43 1037.8
534.1 1101
415.63 1348.6
321.63 944.79
182.73 847.78
606.98 959.08
536.79 912.1
704.18 1036.2
346.92 824.42
820.6 2242.8
264.59 994.45
620.15 1100.6
580.25 1115.7
437.17 825.28
521.48 970.28
482.63 996.93
262.08 903.42
407 1051.1
521.93 1004.9
577.99 1213.7
450.11 893.63
500 1500
452.85 958.83
397.69 896.54
607.66 2112.6
654.15 1252.6
462.4 938.5
283.62 600.94
489.84 1037.1
458.78 928.01
677.64 1113.5
455.02 920.01
695.09 2280.6
387.9 808.19
450.78 1035.8
577.99 1213.7
735.73 2140.6
432.72 731.57
255.56 1058.7
377.88 1012
979.2 1969.8
544.41 973.65
424.33 988.43
517.09 974.46
426.67 958.73
316.1 1048.9
409.95 844.74
375.32 924.42
405.92 788.33
338.19 935.13
407.82 841.76
956.83 1910.7
471.05 1045.3
429.68 822.53
409.4 832.39
366.93 1219.3
402.91 959.53
639.92 1061
469.39 927.87
465.7 917.71
316.1 1048.9
335.42 835.19
411.74 852.62
306.86 852.22
431.06 850.34
469.42 853.94
344.31 835.23
338.98 813.53
469.42 853.94
1021.1 2392
646.71 1092.9
472.77 1286.6
393.45 762.71
641.19 1124.3
519.53 951.33
619.26 1013.9
502.67 1003.1
491.47 944.51
772.48 2277.6
500 1500
387.9 808.19
358.25 1707.3
240.66 2180.1
449.32 1939.9
235.95 2256.7
318.19 2208.4
382.98 2076.4
348.12 1886.5
235.86 1432
271.16 2247.7
221.76 2245.1
373.34 2029
530.48 1964.5
403.98 2136.8
296.38 2195.3
377.28 1705.3
312.89 2097.4
484.08 1708.5
287.16 2099.1
321.91 2052.1
305.86 2162.7
282.52 1964.7
338.82 2118.2
478.04 1641.9
243.9 2112.7
338.04 2235.3
328.62 2155.6
346.74 1765
317.9 1935.6
331.08 2149.2
306.26 2132.6
443.5 1669.1
282.63 1972.9
493.74 2190
500 1500
380.73 1796.3
326.89 1640.5
282.34 1974.3
463.44 1838.9
372.39 1966.2
316.2 2044.2
198.42 1430.2
347.33 2018
600.7 1678.9
325.67 2058.3
463.92 1816.7
304.08 2160.1
317.15 2445
273.77 2244.7
321.72 2136.2
327.77 2083.1
204.55 2144.6
495.21 1899.1
335.69 2289
317.9 1935.6
316.38 2064
579.32 1757.5
392.82 2058.3
433.17 2044
303.99 1927.9
349.05 2094
265.69 2347.3
174.23 2382.8
296.22 2095
300.32 2058.9
322.5 2119
288.58 2388.1
229.53 2118.3
274.46 1961.2
376.92 2129.2
382.91 2063.8
321.26 2098.5
276.21 1562.9
272.52 2406.7
274.32 1574.9
366.48 2020
428.14 2022.7
419.11 1912.7
381.9 1972
403.73 1775.2
378.45 2145.4
321.98 2261.6
307.15 2124.3
362.15 2149.9
334.59 2177.2
330.77 2022.7
428.14 2022.7
327.71 1953
268.77 2103.8
417.1 1988.6
382.75 2076.1
278.83 1682
356.53 2180.7
289.54 2179.4
421.52 1910.8
317.06 2268.9
293.79 2111.7
312.44 1999.7
182.98 1797.1
367.24 2025
339.38 1999.3
363.68 2063.9
257.54 2130.3
177.64 2182
340.66 2014.5
307 2143.4
387.21 2163.4
301.11 2059.8
267.91 2080.5
471.06 1844.5
340.46 2263.9
372.03 1904.5
306.06 2079.2
317.44 1981.8
399.96 1991.4
293.48 2150
317.35 2021
169.4 2466.9
509.18 1852.8
323.38 2045.2
432.26 1786.8
432.48 1869.3
366.07 2062
287.53 1956.1
298.76 2129
359.03 2127.8
277.27 2195.4
323.18 2206.3
254.34 2130.6
288.21 2226.8
374.81 2065.4
372.72 1807.7
416.54 1960.1
256.05 2043.8
364.35 2064.6
324.7 2039.7
307.7 2344.9
407.64 1930.1
215.39 2012.8
337.39 2050.3
305.08 2072.1
155.59 2170.3
308.71 2133.6
283.07 2120.9
266.2 2185.7
287.63 1466.3
395.74 1966.6
302.19 2059.4
265.09 2209.3
353.77 2268.1
335.96 2103.8
381.89 1986.6
342.32 2382.5
428.86 1559.7
346.93 2060.3
442.55 2165
277.39 2297
278.28 2127.2
295.9 2124.8
437.96 1986.1
330.15 2172.7
286.17 2166.2
472.08 1926.4
374.34 1982
247.16 2099.4
301.82 2044.3
300.32 2395.1
382.75 1676.5
200.44 2275.3
352.02 1659.4
324.31 2147.8
376.38 1653.6
388.85 2089.2
293.29 1176.3
210.26 1987.3
406.04 2128
347.86 1934.4
308.53 2111.4
323.82 1821.6
339.84 2115.1
415.11 1955.3
255.08 1920.7
254.25 2190
361.72 2204.4
337.29 1157.9
316.48 2147.1
313.69 1906.3
498.94 1782.8
372.52 2114.2
318.21 2183.5
298.11 1946.8
319.6 2367.5
303.27 2133.3
340.31 2151
318.82 2187.6
295.37 2103.2
303.97 2130.7
438.67 1741.1
363.13 2021.1
328.62 2155.6
403.84 1924.9
168.62 2169
293.95 1906.2
278.56 2130.2
291.33 2250.1
278.99 2064.6
310.22 2260.1
251.5 2334
270.92 2267.1
191.11 2218.7
284.23 2082.7
435.07 1967.5
449.99 1768
293.14 2218.1
317.09 1684.4
315.17 2293.9
514.68 1923.8
341.5 2269.3
333.31 2356.4
272.68 2089.5
338.52 2047.5
284.35 2301.3
325.52 2107.2
228.5 2286.5
330.98 2062.3
363.13 2021.1
272.19 2138
258.04 2173.7
350.01 2110.4
342.7 2173.2
322.3 2080.4
281.79 2141.6
325.65 1879.4
301.86 2188
233.15 2309.2
197.58 1948.7
286.05 1987.9
329.31 2069.5
309.65 2122.5
222.27 2153
350.17 2197.3
315.05 2070.4
393.27 2151.5
332.99 2015
239.67 2110
372.93 2161.6
362.9 2113.1
335.65 2135
335.49 2127.8
193.23 2095.6
307.2 2253.3
420.76 2008
177.87 1897.8
270.44 2266
315.76 2223.2
327.42 2089.4
301.58 1431
243.19 2246.3
536.36 2023
418.76 2326.5
369.87 2103.2
602.12 1631.3
278.26 2030.3
432.8 1894.9
191.11 2218.7
316.55 2119.3
374.75 2142
371.38 1090.1
303.66 2128.1
335.65 2135
484.4 1927.7
319.67 2280.2
300.48 2084.4
282.95 2191.4
246.39 2107.7
401.29 1894.1
407.96 1734.4
304.66 2161.8
506.97 1827.6
443.27 1925
365.79 1512.3
341.59 2089.6
293.16 2037.2
349.73 1968.5
168.19 2151
385.88 2017
304.19 2137.6
401.91 2077.9
332.33 2252.2
268.24 2217.9
347.32 2014.2
327.6 2185.3
458.77 1794.5
363.04 1929.6
198.42 1430.2
448.59 1726.7
518.15 1734.8
543.56 1805.5
311.32 2173.2
339.38 1999.3
293.56 2284.9
346.49 2203.8
278.95 2182.6
309.71 2254.9
421.7 1925.2
244.07 2331.5
447.81 1892.6
365.81 1779.9
314.55 2055.7
236.68 1993.4
178.77 2346.6
263.29 2090.8
336.73 2184.4
296.05 2245.6
303.87 2050.3
272.61 2036.1
573.8 1738.2
270.31 2156.7
391.62 2009.4
326.26 2286.1
293.05 2133.8
281.23 2227
311.05 2145.8
338.04 2235.3
516.14 1847.2
310.09 2101
266.76 2318.7
272.45 2163.9
441.97 1838.2
461.24 1814.4
471.08 1901.8
311.56 2124.7
273.44 2107.4
319.74 2052.6
403.44 1894.1
401.84 2074
359.45 2266.1
336.26 2104.1
137.78 2103.2
177.3 2178.3
326.73 2221.9
329.05 2191.3
288.48 2149.6
308.55 1744.6
194.05 1912.5
468.86 2013.8
242.27 1288.9
415.59 1899.8
223.45 2310.8
356.35 2309.6
479.26 1938.8
408.14 1949.2
285.7 2098.2
552.72 1671.8
273.13 2178.8
284.23 2082.7
333.05 2054.4
279.97 1502.2
329.08 1441
457.84 2007.7
363.93 1823.6
321.08 2179.7
333.07 2268.5
170.34 1989.8
625.81 1838.4
469.93 1769.8
263.84 2113.5
284.23 2082.7
297.31 2178
263.46 2135
293.09 2134.1
266.76 2318.7
241.53 2132.3
290.66 2147.5
415.87 2219.8
343.76 1989
356.09 1907
539.52 1795.3
315.04 2106.9
534.33 1837.3
351.16 1444
356.09 1907
387.32 1990.4
368.02 2380.2
329.69 2015.6
311.6 2320.4
312.65 2039.8
413.56 2027.2
315.34 2068.9
336.81 1859.9
316.2 2044.2
619.24 1789.3
305.53 2150
304.93 2295.1
363.64 1995
441.35 1835.3
342.72 2131.9
263.06 2179.3
320.22 2211.4
385.97 2075.6
327.65 2214.5
343.7 2075.2
359.04 2048.8
280.28 2177.3
345.87 2142.2
319.84 1778.1
248.34 2166.8
300.12 1563
351.15 2032.1
283.34 2212.5
327.51 1963.9
448.17 1887.7
374.34 1982
430.95 1824.8
513.24 1769.3
288.27 2264.8
383.21 1972.7
314.29 2221.5
333.97 2069
315.41 2119.6
244.51 2087.9
443.6 1742.6
332.18 2104.2
347.1 1914.5
459.7 1894.8
323.18 2206.3
313.19 2177.6
334.27 2012.1
261.89 2238.9
441.82 1833.2
351.41 2265.4
288.09 2087.6
316.37 2168.4
280.36 2103.9
304.9 2149
513.13 1810
351.21 1874.4
330.94 2068
382.2 1959.1
266.33 2172.6
329.44 2071.9
401.84 2074
225.41 1162.5
297.57 2088.1
308.7 1970.7
472.91 1817.8
404.9 1953
324.3 2085.3
298.76 2129
446.87 1941.3
276.21 1562.9
262.5 2136.3
295.78 2006.7
295.37 2313.2
331.14 2260.3
242.62 2074.4
383.5 2245.5
364.02 2016.6
345.73 1157
300.76 2049.8
477.44 1795.4
355.52 1980
313.98 2168.9
408.97 1930.9
528.68 1980.3
349.76 2070.5
301.22 2138.8
394.93 2123.7
273.14 2010.8
295.18 2049.8
428.73 1934.2
435.71 2169.2
345.36 2070.6
347.3 2020.1
286.45 2130.1
270.48 2133.5
276.82 2144.4
365.74 1945
421.09 1863.6
231.48 2141.3
269.52 2042.3
291.21 2104.5
266.26 2201.7
325.08 2230.8
342.15 2194.4
335.31 1988.4
368.2 2148.8
439.66 1949.3
305.76 2086
418.35 2150.4
288.65 2258.7
369.65 2256.3
305.58 2086.4
287.19 2216.4
266.25 2022.4
267.91 2078.8
315.13 2362.1
388.05 2166.9
323.09 2117.6
512.74 1844.1
303.69 2001.4
326.06 1747.8
500 1500
1057.3 2070.8
799.88 1265.8
333 1509
667.16 1177.3
593.67 1436.9
500 1500
667.16 1177.3
952.24 1487.1
500 1500
630.75 1358.6
500 1500
716.44 1381.1
500 1500
530.74 1679.9
831.64 1285.5
530.63 1257.4
710.48 1195.2
500 1500
500 1500
500 1500
500 1500
682.75 1355.6
615.89 1360.5
619 1293.6
500 1500
654.95 1205.7
500 1500
500 1500
620.74 1800.2
500 1500
465 1255.3
500 1500
575.51 1420.1
500 1500
672.01 1308.3
582.71 1347.2
590.9 1522.4
684.72 1280.1
654.38 1488.2
356.86 1513.8
724.82 1372.2
827.98 1462
500 1500
553.73 1596.1
685.01 1334.6
253.16 1564.2
516.73 1672.2
646.31 1134.1
838.43 1337.1
500 1500
617.67 1497.5
636.77 1443.1
500 1500
318.1 2111.1
500 1500
500 1500
619.16 1405.5
500 1500
693.33 1289.7
456.75 1604.5
680.53 1479.2
500 1500
527.31 1515.6
500 1500
821.34 1270.7
613.92 1334.7
570.52 1317.5
500 1500
576.44 1601.4
500 1500
500 1500
500 1500
500 1500
462.66 1468.8
500 1500
500 1500
500 1500
500 1500
608.66 1124
699.07 1380.2
504.14 1269.4
661.56 1125.9
470.07 1649.8
500 1500
279 1163.6
784.28 1402
650.04 1215.7
644.66 1191.8
1222.4 1758.5
621.39 1454.3
795.46 1195.5
647.81 1837.1
540.76 1355.2
662.55 1443.1
414.49 1523.4
706.36 1459.6
358.53 1453.6
1024.8 1315.9
695.38 1268.2
699.75 1344.2
500 1500
793.78 1331.5
500 1500
248.4 1284.7
591.74 1361.7
633.12 1407.4
1122.9 1315
566.45 1628.1
288.33 1234.4
500 1500
532.1 1328.6
637.03 1627.4
799.78 1295.5
590.59 1784.6
500 1500
501.32 1947.6
500 1500
576.71 1282.5
500 1500
567.84 1473.4
671.39 1329.1
361.76 1352.2
570.04 1454.3
759.96 1357
977.84 1555.7
755.98 1244.9
669.26 1504.7
500 1500
500 1500
754.87 1232.8
887.6 1214.9
521.28 1613.7
685.65 1514.8
539.92 1591.5
684.81 1289.6
382.51 1365
485.3 1643.4
356.28 1035.6
770.1 1402
776.19 1357.3
633.26 1554
647 1329.9
500 1500
531.97 1873.1
415.7 1757
500 1500
737.7 1276.8
500 1500
729.39 1354.4
799.03 1323
681.53 1353.6
500 1500
1024.8 1315.9
483.58 1515.3
586.48 1359.6
575.52 1297.8
628.25 1383
531.37 1691.4
736.13 1316.5
338.41 1484.1
550.76 1721.6
500 1500
724.92 1182
554.29 1658.3
748.81 1276.1
681.44 1391
500 1500
549.96 1133.5
682.13 1363.6
454.71 1850.1
552.43 1619.8
317.1 1573.4
500 1500
500 1500
689.47 1268.1
1033 2495.6
477.41 1694.3
349.15 1023.5
1282.4 2065.8
686.86 1369.1
578.96 1323.5
853.47 1448.5
287.18 1085.8
751.42 1310.7
666.04 1223.6
693.01 1435.7
500 1500
692.64 1279.4
625.75 1313.6
588.77 1532.5
703.84 1199.3
298.16 590.42
559.17 1305.3
583.05 1551.4
519.85 1508.4
638.87 1518.5
817.71 1214.4
638.65 1411.6
381.29 1519.9
500 1500
500 1500
664.91 1439.6
259.23 1753.2
361.73 1437.4
667.54 1424.8
692.56 1283.6
500 1500
631.72 1370.3
443.71 1488.5
875.97 1223.5
699.12 1366
565.27 1647
687.58 1515.1
612.41 1286.6
743.1 1301
500 1500
470.8 1369.2
629.48 1353.3
457.13 1771.2
534.4 1664.9
380.81 1276.4
500 1500
529 1717.9
500 1500
500 1500
582.22 1083.6
776.88 1203
610.76 1414
434.39 1805.4
733.93 1361.1
686.72 1211.3
518.09 1470.5
553.05 1651.2
406.99 2029.8
428.46 1663.3
545.27 1502.4
395.62 1738.5
570.6 1472.1
629.92 1412.5
587.88 1314.5
748.64 1241.2
710.48 1195.2
292.87 2354.9
433.48 1833.1
435.02 1373
695.87 1364.2
500 1500
667.18 1446.6
983.74 1437
653.48 1484.8
564.2 1345
468.27 1913.8
637.03 1627.4
500 1500
760.62 1327.5
500 1500
325.25 1802.3
568.11 1244.6
741.8 1405.6
802.68 1374.9
461.64 1479.4
500 1500
654.24 1442.6
466.31 1847
500 1500
500 1500
571.88 1550.2
360.94 1541.8
609.52 1443.3
500 1500
611.9 1433.6
500 1500
610.21 1647.6
671.09 1316.9
736.96 1204.8
500 1500
863.2 1256.7
500 1500
597.84 1439.3
479.98 1060.7
742.29 1301.9
651.5 1353.3
728.53 1263.5
500 1500
433.72 1851.3
414.49 1523.4
500 1500
383.39 1585.5
725.02 1308.4
720.56 1340.4
500 1500
230.24 1226.3
248.39 1785.4
671.05 1242.4
588.34 1471.8
500 1500
500 1500
500 1500
697.37 1273.1
633.12 1407.4
500 1500
656.31 1782.7
754.05 1318.8
437.8 1069.8
597.84 1439.3
463.2 1579.4
400.03 1321.1
899.27 1303.7
713.19 1216.8
500 1500
544.39 1324.1
673.25 1192.7
500 1500
563.46 1710.7
659.61 1239
712.3 1316
500 1500
500 1500
651.36 1339.6
500 1500
500 1500
666.04 1223.6
504.78 1762.4
481.36 1501.4
789.86 1389.9
447.71 1556.7
500 1500
500 1500
638.65 1411.6
401.44 1205.5
484.17 1767.4
536.08 1852.9
1113.7 1622.3
687.55 1322.2
500 1500
500 1500
469.18 1408.3
500 1500
612.96 1418.7
988.43 1335.1
584.99 1426
500 1500
359.14 1693.7
580.43 1284
797.15 1262.7
542.59 1627.8
738.07 1305
596.35 1514.9
500 1500
703.15 1230.6
676.09 1410.9
500 1500
471.2 623.07
500 1500
500 1500
892.19 1402.2
603.8 1532.7
582.23 1732.1
635.57 1321.2
500 1500
463.65 1303.4
660.22 1425.7
665.74 1394.7
546.94 1412
500 1500
682.64 1206.3
500 1500
500 1500
470.06 1494.5
768.12 1296.7
500 1500
288.68 1292.2
717.46 1310.8
711.72 1267
568.45 1722.2
622.83 1225.3
571.98 1379.9
610.76 1414
653.56 1294.2
698.8 1361.5
547.21 1261.4
413.72 1283.7
422.07 1344.2
676.26 1473.3
504.15 1385.3
285.22 1543.1
629.13 1535.8
618.96 1254.6
753.14 1193.9
669.61 1448.6
716.78 1305.5
500 1500
500 1500
690.71 1326.2
661.93 1394.6
500 1500
380.16 1131.1
670.09 1315.2
500 1500
777.89 1265.4
507.54 2020.3
393.35 1637.6
658.69 1620.2
871.97 1321.8
500 1500
662.37 1271.7
665.62 1362.4
471.2 623.07
467.24 1626.4
500 1500
529.01 1080.1
737.82 1356.2
500 1500
630.23 1823.2
500 1500
500 1500
728.3 2458
480.6 1463.4
540.73 1374.9
762.58 1502.9
564 1725.8
803.97 1457.2
500 1500
633.25 1342.6
500 1500
660.66 1351.6
500 1500
628.5 1476.7
500 1500
707.65 1272.4
723.45 1297.5
500 1500
729.98 1206.7
500 1500
638.19 1744.6
500 1500
500 1500
601.75 1365
652.61 1324.3
500 1500
645.72 1391.8
715.88 1319.1
500 1500
730.12 980.82
638.34 1268.7
674.32 1187.6
686.72 1211.3
500 1500
808.28 1183.7
500 1500
500 1500
770.74 1360.1
338.41 1484.1
605.06 1613.4
531.36 1792
500 1500
500 1500
500 1500
1083.6 1320.5
542.3 1715.1
509.76 1215.5
411.31 1334.4
721.54 1418.5
267.18 1401.4
605.96 1503.8
500 1500
651.28 1530.7
500 1500
770.1 1402
778.18 1172
686.59 1260.1
367.93 1473.8
728.57 1233.1
737.8 1236.1
757.81 1302.7
500 1500
783.1 1422.2
654.42 1332.8
736.7 1240.8
580.08 1635.2
679.46 1301.3
500 1500
559.47 1373
685.61 1430.4
632.57 1259.4
362.98 1342.8
720.27 1294.2
798.55 1220.7
415.13 1336
625.71 1308.3
500 1500
500 1500
457.24 1882.3
580.81 1555.3
504.15 1385.3
555.46 1432.1
564.85 1607.8
652.2 1502
