40
0 0.75 0.25 0.0
0 0.775 0.225 0.0
0 0.7 0.275 0.025
0 0.8 0.2 0.0
0 0.775 0.225 0.0
0 0.725 0.25 0.025
0 0.65 0.325 0.025
0 0.7 0.3 0.0
0 0.825 0.15 0.025
0 0.775 0.2 0.025
0 0.8 0.2 0.0
0 0.7 0.275 0.025
0 0.75 0.25 0.0
0 0.675 0.325 0.0
0 0.75 0.25 0.0
0 0.75 0.25 0.0
0 0.775 0.225 0.0
1 0.425 0.55 0.025
1 0.45 0.525 0.025
1 0.475 0.5 0.025
1 0.35 0.625 0.025
1 0.375 0.625 0.0
1 0.4 0.6 0.0
1 0.25 0.75 0.0
1 0.45 0.55 0.0
1 0.5 0.45 0.05
1 0.4 0.6 0.0
1 0.3 0.675 0.025
1 0.225 0.775 0.0
1 0.25 0.75 0.0
1 0.3 0.675 0.025
1 0.475 0.5 0.025
1 0.45 0.525 0.025
1 0.35 0.625 0.025
2 0.125 0.1 0.775
2 0.075 0.075 0.85
2 0.225 0.175 0.6
2 0.125 0.1 0.775
2 0.075 0.225 0.7
2 0.2 0.2 0.6
2 0.1 0.15 0.75
2 0.05 0.05 0.9
2 0.025 0.075 0.9
2 0.075 0.075 0.85
2 0.125 0.125 0.75
2 0.2 0.325 0.475
2 0.275 0.15 0.575
2 0.025 0.05 0.925
2 0.075 0.225 0.7
2 0.1 0.05 0.85
2 0.075 0.075 0.85
