100
0 0.39 0.38 0.23
0 0.39 0.37 0.24
0 0.39 0.34 0.27
0 0.39 0.33 0.28
0 0.39 0.36 0.25
0 0.39 0.35 0.26
0 0.39 0.37 0.24
0 0.39 0.36 0.25
0 0.39 0.33 0.28
0 0.39 0.37 0.24
0 0.39 0.37 0.24
0 0.39 0.37 0.24
0 0.39 0.34 0.27
0 0.39 0.36 0.25
0 0.39 0.34 0.27
0 0.39 0.35 0.26
0 0.39 0.38 0.23
1 0.38 0.38 0.24
1 0.38 0.37 0.25
1 0.38 0.39 0.23
1 0.38 0.39 0.23
1 0.38 0.39 0.23
1 0.38 0.4 0.22
1 0.38 0.4 0.22
1 0.38 0.36 0.26
1 0.38 0.36 0.26
1 0.39 0.4 0.21
1 0.38 0.4 0.22
1 0.38 0.4 0.22
1 0.38 0.4 0.22
1 0.36 0.4 0.24
1 0.38 0.38 0.24
1 0.38 0.39 0.23
1 0.38 0.39 0.23
2 0.33 0.28 0.39
2 0.31 0.3 0.39
2 0.33 0.27 0.4
2 0.31 0.31 0.38
2 0.33 0.28 0.39
2 0.3 0.33 0.37
2 0.31 0.3 0.39
2 0.33 0.28 0.39
2 0.31 0.29 0.4
2 0.34 0.27 0.39
2 0.36 0.26 0.38
2 0.33 0.33 0.34
2 0.37 0.27 0.36
2 0.34 0.27 0.39
2 0.32 0.31 0.37
2 0.32 0.29 0.39
2 0.35 0.25 0.4
