120
0 0.333333333333 0.333333333333 0.333333333333
0 0.333333333333 0.333333333333 0.333333333333
0 0.333333333333 0.333333333333 0.333333333333
0 0.333333333333 0.333333333333 0.333333333333
0 0.333333333333 0.333333333333 0.333333333333
0 0.333333333333 0.333333333333 0.333333333333
0 0.333333333333 0.333333333333 0.333333333333
0 0.333333333333 0.333333333333 0.333333333333
0 0.333333333333 0.333333333333 0.333333333333
0 0.333333333333 0.333333333333 0.333333333333
0 0.333333333333 0.333333333333 0.333333333333
0 0.333333333333 0.333333333333 0.333333333333
0 0.333333333333 0.333333333333 0.333333333333
0 0.333333333333 0.333333333333 0.333333333333
0 0.333333333333 0.333333333333 0.333333333333
0 0.333333333333 0.333333333333 0.333333333333
0 0.333333333333 0.333333333333 0.333333333333
1 0.333333333333 0.333333333333 0.333333333333
1 0.333333333333 0.333333333333 0.333333333333
1 0.333333333333 0.333333333333 0.333333333333
1 0.333333333333 0.333333333333 0.333333333333
1 0.333333333333 0.333333333333 0.333333333333
1 0.333333333333 0.333333333333 0.333333333333
1 0.333333333333 0.333333333333 0.333333333333
1 0.333333333333 0.333333333333 0.333333333333
1 0.333333333333 0.333333333333 0.333333333333
1 0.333333333333 0.333333333333 0.333333333333
1 0.333333333333 0.333333333333 0.333333333333
1 0.333333333333 0.333333333333 0.333333333333
1 0.333333333333 0.333333333333 0.333333333333
1 0.333333333333 0.333333333333 0.333333333333
1 0.333333333333 0.333333333333 0.333333333333
1 0.333333333333 0.333333333333 0.333333333333
1 0.333333333333 0.333333333333 0.333333333333
2 0.333333333333 0.333333333333 0.333333333333
2 0.333333333333 0.333333333333 0.333333333333
2 0.333333333333 0.333333333333 0.333333333333
2 0.333333333333 0.333333333333 0.333333333333
2 0.333333333333 0.333333333333 0.333333333333
2 0.333333333333 0.333333333333 0.333333333333
2 0.333333333333 0.333333333333 0.333333333333
2 0.333333333333 0.333333333333 0.333333333333
2 0.333333333333 0.333333333333 0.333333333333
2 0.333333333333 0.333333333333 0.333333333333
2 0.333333333333 0.333333333333 0.333333333333
2 0.333333333333 0.333333333333 0.333333333333
2 0.333333333333 0.333333333333 0.333333333333
2 0.333333333333 0.333333333333 0.333333333333
2 0.333333333333 0.333333333333 0.333333333333
2 0.333333333333 0.333333333333 0.333333333333
2 0.333333333333 0.333333333333 0.333333333333
