20
0 0.8 0.2 0.0
0 0.9 0.1 0.0
0 0.9 0.1 0.0
0 0.9 0.1 0.0
0 0.95 0.05 0.0
0 0.8 0.15 0.05
0 0.85 0.1 0.05
0 0.75 0.25 0.0
0 0.9 0.1 0.0
0 0.9 0.1 0.0
0 0.95 0.05 0.0
0 0.9 0.1 0.0
0 0.85 0.15 0.0
0 0.8 0.2 0.0
0 0.95 0.05 0.0
0 0.9 0.1 0.0
0 0.9 0.1 0.0
1 0.35 0.65 0.0
1 0.35 0.65 0.0
1 0.2 0.75 0.05
1 0.2 0.8 0.0
1 0.3 0.7 0.0
1 0.4 0.6 0.0
1 0.05 0.95 0.0
1 0.4 0.6 0.0
1 0.5 0.45 0.05
1 0.35 0.65 0.0
1 0.15 0.85 0.0
1 0.1 0.9 0.0
1 0.05 0.95 0.0
1 0.15 0.85 0.0
1 0.4 0.6 0.0
1 0.25 0.75 0.0
1 0.15 0.85 0.0
2 0.0 0.0 1.0
2 0.0 0.0 1.0
2 0.05 0.05 0.9
2 0.0 0.0 1.0
2 0.05 0.05 0.9
2 0.1 0.1 0.8
2 0.0 0.0 1.0
2 0.0 0.0 1.0
2 0.0 0.0 1.0
2 0.0 0.0 1.0
2 0.0 0.0 1.0
2 0.15 0.15 0.7
2 0.25 0.1 0.65
2 0.0 0.0 1.0
2 0.05 0.05 0.9
2 0.0 0.0 1.0
2 0.0 0.0 1.0
