0 0.999999996048 3.95217796127e-09 1.38358439817e-28
0 1.0 2.14685669167e-13 1.29658162806e-45
0 0.999999999994 5.59025600573e-12 3.48122460442e-28
0 0.999999807543 1.9245675506e-07 4.0372861456e-22
0 1.0 3.81794091738e-13 4.68702245968e-27
0 0.999975154237 2.48457633725e-05 9.12883943107e-16
0 0.902057930957 0.0979420680198 1.02284346205e-09
0 1.0 1.51188933523e-16 1.80246342559e-43
0 1.0 1.47961341929e-15 5.58718458486e-35
0 0.99999999999 1.04022242251e-11 1.31429769873e-33
0 0.99999013497 9.86502995817e-06 1.62556741252e-22
0 0.999999999997 2.85056549182e-12 3.14917574501e-37
0 1.0 4.55301910661e-27 6.64477013333e-51
0 1.0 5.13507087523e-14 2.7089246854e-37
0 1.0 1.68720801554e-15 1.01870042644e-38
0 1.0 1.79983922826e-20 1.62755990146e-48
0 1.0 1.25204852959e-15 1.97995059566e-36
0 1.0 5.52918418167e-24 1.15161336071e-43
0 1.0 4.8911689896e-18 4.47624661193e-34
0 0.999999999887 1.12844944869e-10 3.69134296326e-41
0 1.0 9.23027561952e-14 1.25269124467e-41
0 1.0 4.38648996357e-18 4.94357913773e-48
0 0.999997989856 2.0101444937e-06 1.096845992e-24
0 0.999998699942 1.30005773103e-06 5.54006701827e-33
0 0.999999996656 3.34430655403e-09 1.95289678838e-33
0 0.99999999991 9.01089999176e-11 6.38268343596e-14
0 1.0 1.86377046997e-13 5.687319383e-38
0 0.999999999248 7.51913395529e-10 1.51512021338e-34
0 0.999999997104 2.89608942855e-09 3.444027005e-44
0 1.0 5.79553743436e-14 7.32143291619e-46
1 3.12305063371e-06 0.999996510719 3.66230403404e-07
1 1.9097204801e-16 1.0 1.14449498394e-16
1 1.06971356135e-14 0.999999965048 3.49515182355e-08
1 1.71217835792e-15 0.999989509147 1.04908529426e-05
1 4.81960821633e-07 0.999999517737 3.02057714524e-10
1 9.23429973576e-12 0.999999981119 1.88717682736e-08
1 5.86401892933e-11 0.999999999781 1.60455992012e-10
1 8.57324445116e-17 0.999999955434 4.45657552035e-08
1 5.44379899696e-06 0.87280069844 0.127193857761
1 5.62339070967e-18 0.999999999999 8.93439190632e-13
1 1.71503683423e-11 0.999999999982 5.02092481823e-13
1 4.99863260703e-09 0.999999969405 2.55967445578e-08
1 2.26072282872e-08 0.99999958145 3.95942363229e-07
1 1.5047642151e-11 0.999999999973 1.23138029338e-11
1 8.05902432906e-14 1.0 5.48695524693e-15
1 0.0116583884238 0.988341611576 4.05942945146e-15
1 0.985153008167 0.0148469918028 2.99060405465e-11
1 0.95835311989 0.0416463914198 4.88690055933e-07
1 5.73659044231e-05 0.999938411504 4.222591198e-06
1 1.15592605309e-13 0.999999509825 4.9017473462e-07
1 1.35585729964e-11 0.999999999986 1.05876993404e-19
1 1.97470978947e-12 0.999999999998 5.44602515339e-21
1 6.57835639505e-08 0.999999934149 6.73180456179e-11
1 1.04564567783e-11 0.0307181390855 0.969281860904
1 3.53432155975e-12 0.999999999996 9.74037333172e-15
1 6.77118540587e-08 0.995704931176 0.00429500111202
1 4.49089059674e-10 0.999999999551 9.24217980767e-15
1 0.000135883550658 0.0393714806593 0.96049263579
1 9.8286314142e-06 0.999990099391 7.19774379087e-08
1 5.81750673923e-17 0.934563562874 0.0654364371257
2 2.18644248033e-15 0.052193102366 0.947806897634
2 6.66600240438e-24 2.40272210289e-05 0.999975972779
2 1.38217481908e-13 0.000645265386845 0.999354734613
2 6.84781462991e-15 5.1139545397e-05 0.999948860455
2 7.89261189412e-12 3.15872544099e-09 0.999999996833
2 1.5206513986e-17 4.68740727915e-08 0.999999953126
2 2.67019202317e-18 0.000982822254059 0.999017177746
2 7.29813366046e-19 6.16811199892e-07 0.999999383189
2 0.00530380792866 0.994692683597 3.50847395807e-06
2 6.32472720784e-23 0.999999999999 5.7639017456e-13
2 2.00620859993e-09 0.999988891892 1.11061020228e-05
2 6.7509168737e-08 7.60727909753e-07 0.999999171763
2 3.1072327587e-20 0.0184964971545 0.981503502846
2 6.87343843657e-14 2.46230940999e-05 0.999975376906
2 4.38766055679e-19 0.0275370250778 0.972462974922
2 4.64029576469e-13 0.219034577582 0.780965422418
2 4.45811381169e-11 8.17105148789e-06 0.999991828904
2 9.50539172642e-15 0.000421909381588 0.999578090618
2 8.03101898291e-12 0.211251512331 0.788748487661
2 4.93711904826e-16 0.011812658429 0.988187341571
2 0.999996291373 3.50431247975e-07 3.358195449e-06
2 1.97283756595e-12 0.0658780271427 0.934121972855
2 9.41122983362e-16 0.000756085492459 0.999243914508
2 1.34147222463e-12 0.825346805132 0.174653194867
2 2.00394829212e-12 9.35283286038e-08 0.99999990647
2 7.48062005198e-13 0.134016613914 0.865983386085
2 2.79005212899e-20 0.0224820219053 0.977517978095
2 3.44538604934e-18 1.70505937814e-07 0.999999829494
2 9.64365661772e-10 0.00254925805799 0.997450740978
2 1.62557028544e-14 0.096817148731 0.903182851269
