0 0.99999996938 3.06202202041e-08 3.07251050384e-20
0 1.0 1.40788319755e-14 8.28991164475e-31
0 0.999999999999 8.97641126875e-13 5.90093087597e-19
0 0.999999999451 5.49013071365e-10 3.68209842608e-21
0 0.999999999852 1.48149227526e-10 1.09348624e-22
0 0.999810759713 0.000189240279514 7.03029614195e-12
0 0.0215920983781 0.978407318826 5.82796187227e-07
0 1.0 3.56066039396e-17 1.63756743364e-26
0 0.999999999738 2.61916357085e-10 1.4455951634e-18
0 1.0 6.52053884792e-17 3.15780097411e-22
0 0.999999471646 5.28353976046e-07 6.7180460093e-20
0 1.0 9.37571475391e-19 8.08191501073e-25
0 1.0 1.3445428579e-24 1.64704369196e-29
0 1.0 8.21557543551e-18 1.20547707528e-28
0 1.0 4.07571972179e-17 2.87455615046e-27
0 1.0 2.57206024878e-20 9.93573892346e-31
0 1.0 5.67715335218e-23 2.32133743005e-31
0 1.0 1.46588812764e-23 4.32816903394e-31
0 1.0 4.25543469226e-14 5.92619177572e-28
0 1.0 9.58087991474e-15 6.30002296168e-30
0 1.0 5.77743113832e-16 4.15016919503e-30
0 1.0 1.95252335691e-19 2.31510349379e-23
0 0.999999974832 2.51677209694e-08 9.35239346121e-18
0 0.999999999813 1.86517445796e-10 3.73116711677e-26
0 1.0 1.68570990775e-14 9.00215263731e-23
0 0.999999753405 2.46403948279e-07 1.91009012536e-10
0 1.0 2.89501064274e-14 3.18843313678e-32
0 0.999999999999 1.48145120833e-12 1.26474098486e-22
0 0.999999999999 6.65194916913e-13 5.51698109274e-18
0 1.0 1.65282788174e-14 7.22954691724e-22
1 4.71897663626e-10 0.999839250287 0.000160749241554
1 6.01844269366e-09 0.99996083324 3.91607417724e-05
1 4.37064854452e-19 0.999995079031 4.92096925875e-06
1 1.87156111457e-15 0.99999907179 9.28209897344e-07
1 1.92404994865e-11 0.99999989088 1.09100284207e-07
1 7.72646004257e-10 0.999398507935 0.000601491292354
1 2.26867009834e-13 0.999990362167 9.63783243873e-06
1 1.66462787893e-15 0.970954031049 0.0290459689515
1 1.30336416753e-05 0.848761468329 0.151225498029
1 2.9101362154e-13 0.999988272936 1.17270634082e-05
1 3.00598615553e-13 0.999999659893 3.4010713641e-07
1 8.08407246174e-15 0.999723990028 0.000276009971593
1 4.86597441717e-09 0.999999990268 4.86597441717e-09
1 2.33045353538e-08 0.999982374944 1.76017517073e-05
1 1.19942873555e-11 0.99961152968 0.000388470307662
1 0.00121839754125 0.998781602241 2.17848480608e-10
1 4.03539141325e-07 0.999999593941 2.5200266055e-09
1 1.63670804695e-08 0.999999966547 1.70862030158e-08
1 1.22980702061e-10 0.99999894807 1.05180750379e-06
1 1.83486941702e-06 0.99996648233 3.16828009153e-05
1 1.13525247842e-10 0.99999859 1.40988624791e-06
1 9.31374806266e-14 0.999999999992 8.09075987224e-12
1 6.54297294949e-14 0.999896878215 0.000103121784723
1 6.97139984016e-07 0.0621639867824 0.937835316078
1 1.52545274771e-07 0.99999638004 3.4674143069e-06
1 5.24601949462e-13 0.558925192409 0.44107480759
1 7.50483193162e-10 0.998097915345 0.00190208390438
1 1.36926843823e-05 0.630873512572 0.369112794744
1 2.65996766172e-10 0.999666155234 0.00033384449966
1 8.26577629144e-19 0.114842700765 0.885157299235
2 2.85672758524e-15 0.00269918721656 0.997300812783
2 4.2411283722e-18 9.59554018776e-07 0.999999040446
2 9.16916791286e-16 0.000812162303957 0.999187837696
2 1.33138913783e-14 7.0671610877e-05 0.999929328389
2 6.25727243837e-10 0.0852548029377 0.914745196437
2 9.75722393227e-19 1.35717845937e-06 0.999998642822
2 1.1973065395e-17 0.000672255755993 0.999327744244
2 4.05624460088e-18 0.00167126493342 0.998328735067
2 1.95683716404e-07 0.974568057676 0.0254317466403
2 5.60005517126e-22 0.992931457459 0.00706854254117
2 0.00025584272125 0.975363092116 0.0243810651627
2 1.38100569946e-05 0.99888252267 0.00110366727334
2 2.7713266708e-17 0.173719264052 0.826280735948
2 8.92233166133e-08 0.000525306825501 0.999474603951
2 1.61181370076e-17 0.00288224830551 0.997117751694
2 1.24511395377e-13 0.00943174456359 0.990568255436
2 6.45311493151e-15 0.000118284755892 0.999881715244
2 8.68208502488e-17 0.00725558899909 0.992744411001
2 1.62069234632e-16 0.000311748539358 0.999688251461
2 1.9100943669e-13 0.0277601834222 0.972239816578
2 0.983061849211 0.0169381456284 5.16074511617e-09
2 3.01843532293e-14 0.603411609253 0.396588390746
2 1.70602816134e-17 0.00168013530491 0.998319864695
2 6.215574077e-13 0.00194722131246 0.998052778687
2 2.52566559849e-15 0.00386583440499 0.996134165595
2 2.34720356203e-15 0.620671912221 0.379328087779
2 9.20657265431e-17 0.000227484975527 0.999772515024
2 2.98685923555e-15 0.00553561347236 0.994464386528
2 2.55674850403e-15 0.0900273454643 0.909972654536
2 7.86622481333e-18 0.765630319851 0.234369680149
