0 0.999954724398 4.52756015549e-05 2.5337855367e-23
0 1.0 1.87740583308e-14 5.92501784676e-35
0 1.0 1.62402276216e-13 1.51436827026e-20
0 0.999999999185 8.15354047868e-10 5.22874474833e-22
0 0.999999999947 5.28587030442e-11 1.51836148094e-25
0 0.99989771107 0.000102288929624 4.07329994668e-16
0 0.0129133102849 0.987085680765 1.00894994759e-06
0 1.0 2.03508836845e-18 5.70387388671e-31
0 0.999999999973 2.67093265959e-11 3.91228757328e-19
0 1.0 5.40741327449e-15 6.34583641166e-27
0 0.999998417336 1.58266389872e-06 1.47732465876e-18
0 1.0 2.03226657597e-16 4.10759301062e-24
0 1.0 1.72151943084e-26 9.51447645751e-39
0 1.0 8.13235766955e-17 4.10673024319e-32
0 1.0 9.06715004223e-16 8.82876940246e-32
0 1.0 1.43087301159e-21 1.46615730625e-37
0 1.0 7.2696539873e-20 2.83056178635e-35
0 1.0 4.49986153538e-24 5.68632726863e-36
0 1.0 1.28386378372e-15 8.63642358109e-34
0 1.0 2.93863353358e-17 6.3348025684e-36
0 0.999999999997 3.20311911592e-12 2.46003098031e-36
0 1.0 4.67054507573e-21 5.37607066732e-29
0 0.999999991192 8.80804964412e-09 1.11687335037e-18
0 0.999999999947 5.31608131984e-11 1.10794901789e-26
0 0.999999999999 6.53130651655e-13 6.01680061337e-30
0 0.999999844028 1.5597042997e-07 1.72517345764e-12
0 1.0 4.92755931588e-17 1.2104118658e-36
0 0.999999999999 8.14497913302e-13 1.84922322116e-29
0 0.999999998969 1.03124682771e-09 4.43950372717e-24
0 1.0 4.92254052801e-18 5.33617535538e-26
1 1.05790747605e-05 0.999971417211 1.80037146336e-05
1 1.82392497294e-14 0.99999995612 4.38801833812e-08
1 1.49901053092e-13 0.999999999829 1.71146277244e-10
1 3.51370619219e-08 0.999999725911 2.38952291514e-07
1 8.52309862308e-08 0.999999914726 4.27393807963e-11
1 2.98899854309e-11 0.999999992573 7.39694696803e-09
1 1.10697313075e-11 0.999999998995 9.93982561049e-10
1 3.65899214945e-14 0.999999429297 5.70703087211e-07
1 7.56568186133e-05 0.994704612426 0.00521973075546
1 6.96506914514e-13 0.999999995209 4.79064414782e-09
1 7.8513073167e-08 0.999999921487 9.66181264154e-14
1 4.285633538e-10 0.99562730589 0.00437269368138
1 1.62989089482e-06 0.999998368533 1.57659343211e-09
1 2.19141713843e-10 0.999999990022 9.75870122753e-09
1 8.08357591427e-11 0.999999999914 5.31865470102e-12
1 1.90770699217e-05 0.99998092293 1.4833991615e-16
1 2.57668756724e-06 0.999997423312 2.73560384928e-16
1 3.33043202156e-07 0.999999666957 1.16555622003e-14
1 2.30273797452e-07 0.999999769718 7.98869255511e-12
1 4.16042348618e-12 0.999994312312 5.68768338344e-06
1 3.94195622326e-08 0.99999996058 6.47659588975e-14
1 5.3278793335e-10 0.999999999467 8.95198642365e-15
1 1.33574023615e-08 0.999999946595 4.00476617258e-08
1 4.26014843513e-10 0.0621349026474 0.937865096927
1 1.84606226888e-10 0.999999957866 4.19497417496e-08
1 4.55534158441e-08 0.998323513455 0.00167644099119
1 6.72390109846e-08 0.999983337841 1.6594920397e-05
1 0.000228180761781 0.545870424594 0.453901394644
1 1.92862937596e-06 0.999998060412 1.09590142289e-08
1 7.15877433179e-12 0.753078846033 0.24692115396
2 1.75241645293e-11 0.0201340742402 0.979865925742
2 1.3541313408e-16 9.37633547746e-07 0.999999062366
2 3.04602381858e-13 0.000368279668909 0.999631720331
2 1.00441079444e-13 2.08007780227e-06 0.999997919922
2 2.78273701864e-11 7.35289282194e-07 0.999999264683
2 2.31837290391e-15 4.29565366288e-06 0.999995704346
2 7.37894984088e-14 0.00504901313373 0.994950986866
2 3.06218298953e-15 0.000649408803057 0.999350591197
2 5.60148368613e-12 0.999999892626 1.07368695013e-07
2 6.12696045685e-20 0.999995333021 4.66697912699e-06
2 0.00309137118514 0.996865362567 4.32662475323e-05
2 2.35022231617e-06 0.675023706765 0.324973943013
2 1.97680312749e-17 0.00664055902203 0.993359440978
2 4.15349239899e-12 0.000475106244478 0.999524893751
2 5.879352949e-18 0.00298044322041 0.99701955678
2 3.09309901353e-13 0.0914714629363 0.908528537063
2 1.39211447339e-10 2.74394353747e-05 0.999972560425
2 2.07810260701e-10 0.00189432177006 0.998105678022
2 1.70232382082e-13 0.00130819446921 0.998691805531
2 3.32729601211e-10 0.101917187652 0.898082812015
2 0.999994335909 5.65704368865e-06 7.04741446923e-09
2 6.1175501937e-16 0.000101800058771 0.999898199941
2 4.13182552847e-15 0.000855043105726 0.999144956894
2 7.92670003617e-13 0.416707628345 0.583292371654
2 5.11185715964e-15 1.75753171831e-05 0.999982424683
2 5.2129391251e-09 0.445294898234 0.554705096553
2 1.97737610975e-17 0.00217055390432 0.997829446096
2 2.88997663926e-13 0.000356078771408 0.999643921228
2 2.9116033466e-11 0.00332551142726 0.996674488544
2 3.22612689579e-13 0.274741136779 0.725258863221
