0 0.998010938866 0.00198906113425 1.17428536371e-23
0 1.0 9.72875521408e-14 3.07752644771e-38
0 1.0 3.17399693333e-14 7.8775161893e-26
0 0.999999999741 2.59335412005e-10 3.77597564668e-23
0 0.99999999993 7.01140774825e-11 7.37290941848e-26
0 0.999793809449 0.000206190550791 4.20288721469e-15
0 0.0137876335806 0.986212366198 2.21128132095e-10
0 1.0 5.32158930553e-15 3.78287290205e-35
0 0.999999999984 1.59111910748e-11 1.12917142794e-35
0 1.0 3.99058092393e-17 4.73098702689e-31
0 0.999999655613 3.44386732544e-07 7.64058273385e-22
0 1.0 1.77419032496e-17 3.6018966883e-36
0 1.0 4.37452204375e-27 1.83580981245e-47
0 1.0 1.00136608226e-16 2.50445839871e-36
0 1.0 2.89846787582e-15 9.58682200391e-41
0 1.0 2.41493447862e-22 1.32694745218e-48
0 1.0 2.03625992021e-19 5.92332594189e-34
0 1.0 1.56590382514e-23 1.43989779551e-42
0 1.0 3.88638372923e-15 3.0654043563e-35
0 1.0 1.42302802757e-15 2.31172881341e-41
0 0.999999999993 7.47913394218e-12 1.02054407273e-38
0 1.0 3.81470609716e-22 1.07894852799e-41
0 0.999999991083 8.91707906808e-09 2.64416313828e-23
0 0.999999999851 1.4865362795e-10 8.10708678322e-31
0 0.999999999999 1.23616614098e-12 1.69576315413e-31
0 0.999999983004 1.69889736706e-08 7.26685537773e-12
0 1.0 1.73996154739e-16 2.50069704831e-36
0 0.999999999999 8.12629607453e-13 2.05658418142e-30
0 0.999999999987 1.34398254657e-11 1.63697741994e-37
0 1.0 2.5163644774e-19 3.28797208853e-42
1 2.8380025559e-06 0.999989823769 7.33822822744e-06
1 3.81597330296e-14 1.0 3.18100298433e-14
1 1.06746345437e-14 0.999999995729 4.2706506765e-09
1 5.01707953329e-10 0.999999082354 9.1714399846e-07
1 2.1162878504e-09 0.999999997882 1.68778350622e-12
1 1.30250629823e-14 0.999999968152 3.18477654536e-08
1 3.46953325877e-12 0.999999999023 9.73523469431e-10
1 4.68229638353e-14 0.999999253898 7.46102386904e-07
1 6.0232195103e-08 0.999948805492 5.11342756468e-05
1 2.64341752893e-15 1.0 7.13842921717e-14
1 1.8961951824e-10 0.99999999981 1.82976495287e-14
1 1.34986345188e-09 0.999642635761 0.00035736288949
1 8.51223360065e-06 0.999989789675 1.69809131461e-06
1 6.5322383987e-10 0.999999998871 4.75809563182e-10
1 1.52154312605e-12 0.999999999998 1.1739864976e-13
1 0.000349380463833 0.999650619536 2.44144495649e-17
1 0.146040618211 0.853959381726 6.218659851e-11
1 4.91293285068e-05 0.999950870671 7.11276185132e-17
1 1.04674016781e-08 0.999999988854 6.78592665322e-10
1 1.25036013314e-11 0.999991320978 8.67900991885e-06
1 7.72347949845e-09 0.999999992277 4.89169141294e-18
1 1.94498687042e-10 0.999999999806 1.96465691751e-19
1 1.49507958368e-08 0.999999976442 8.60690006126e-09
1 4.86888352634e-10 0.0106288170358 0.989371182477
1 1.84937513462e-10 0.999999999815 3.89070228839e-14
1 4.54284522287e-09 0.999691719113 0.00030827634419
1 1.10204462342e-09 0.999999998898 2.79935471768e-14
1 0.00371999061887 0.51148608956 0.484793919821
1 6.00926360283e-06 0.999993192537 7.98198924637e-07
1 2.71119631096e-12 0.930033247121 0.069966752876
2 1.58986570888e-11 0.0201815421246 0.97981845786
2 2.12413360518e-16 4.73546587126e-08 0.999999952645
2 1.91341595861e-13 1.3803130384e-05 0.999986196869
2 3.73886636405e-13 2.80694517725e-05 0.999971930548
2 1.21147320308e-11 2.20100106764e-06 0.999997798987
2 8.33176617105e-15 0.00179868153485 0.998201318465
2 1.13018666857e-15 0.0013955069492 0.998604493051
2 1.79259326718e-15 1.20576178982e-05 0.999987942382
2 4.61290085074e-10 0.999999999513 2.53311356966e-11
2 1.2815994732e-19 0.999999199473 8.00527312899e-07
2 6.679629361e-05 0.999136371703 0.000796832003882
2 2.24719321725e-06 0.907708490675 0.0922892621321
2 2.71203211356e-16 0.010998887043 0.989001112957
2 6.16547552687e-14 0.000226192482585 0.999773807517
2 3.58462468874e-21 0.0346230462099 0.96537695379
2 6.60507672456e-13 0.11676794776 0.88323205224
2 1.4048444485e-10 1.88892305818e-05 0.999981110629
2 6.13103508607e-11 0.000275182813896 0.999724817125
2 2.00095973561e-14 0.00276181124067 0.997238188759
2 2.49284051373e-11 0.00300610316899 0.996993896806
2 0.999996956767 3.03619432925e-06 7.03824466703e-09
2 8.22299381076e-14 0.646318961373 0.353681038627
2 6.90817737168e-16 0.000654491360618 0.999345508639
2 2.65952289997e-12 0.0500828746659 0.949917125331
2 1.04398772609e-17 1.05452782141e-07 0.999999894547
2 2.03496062476e-09 0.14357611688 0.856423881085
2 6.55312899032e-18 0.00775524323059 0.992244756769
2 4.86598659596e-15 2.08340516311e-06 0.999997916595
2 6.42564701453e-11 0.00989090716834 0.990109092767
2 1.15880516637e-16 0.000173962302807 0.999826037697
