0 0.999999987736 1.226398985e-08 3.91244671275e-29
0 1.0 1.20657171715e-21 8.51271013866e-36
0 1.0 2.14965936555e-13 5.07973651859e-30
0 0.999999999984 1.63450311825e-11 3.05826090343e-17
0 1.0 1.04516838482e-15 7.38619657443e-26
0 0.999999999861 1.38673576428e-10 3.46185122902e-20
0 0.0194112141141 0.980588785001 8.84408526786e-10
0 1.0 1.19292937622e-20 1.56129830737e-39
0 0.999999999994 5.66336332121e-12 1.58970227033e-30
0 1.0 3.3515436379e-19 3.11018656674e-28
0 0.999999998897 1.10315082145e-09 3.4545402426e-14
0 1.0 6.13455397285e-24 1.34961508435e-46
0 1.0 2.60765163286e-23 2.36808568341e-48
0 1.0 5.89442599491e-20 8.37600258232e-36
0 1.0 8.4272777137e-22 4.59707564678e-39
0 1.0 1.27154518977e-18 3.35440786224e-42
0 1.0 4.40231562891e-25 5.33336290336e-35
0 1.0 5.56817843325e-22 7.00591260211e-30
0 1.0 1.98321060204e-19 5.95307154237e-33
0 1.0 3.22238579688e-19 1.07965888593e-37
0 1.0 3.15905321308e-15 9.85395922786e-28
0 1.0 6.47505794928e-16 1.2250586041e-28
0 0.999999991252 8.7483440453e-09 2.05276864492e-21
0 1.0 1.0170600325e-19 3.35295455707e-24
0 1.0 1.42466690565e-17 1.42838507659e-30
0 0.999999996915 3.08474159083e-09 3.51533830341e-18
0 1.0 1.21231756561e-18 4.09242298464e-31
0 0.999999999999 1.0939799597e-12 9.50364018245e-22
0 1.0 1.33094494896e-14 2.34274826525e-25
0 1.0 1.57771063183e-22 1.11274035261e-32
1 0.0107553894498 0.988719524404 0.000525086146418
1 1.79150514551e-10 0.999999999804 1.69576747267e-11
1 1.54250413026e-05 0.999983795308 7.79650777434e-07
1 1.78298528076e-14 0.747363948005 0.252636051995
1 1.95815290368e-05 0.99998040389 1.45813517226e-08
1 6.65060897823e-06 0.999993308881 4.0510343358e-08
1 0.015434108198 0.984546746904 1.91448982114e-05
1 6.64957137026e-05 0.99992832619 5.17809613528e-06
1 3.60688950306e-09 0.967137347023 0.0328626493697
1 0.00134207165311 0.998657928283 6.35281396858e-11
1 0.00547866138168 0.994521338466 1.52249601316e-10
1 6.67522509387e-10 0.987630809337 0.0123691899957
1 2.69655517645e-05 0.999145823076 0.000827211372514
1 6.10779434056e-09 0.999999983099 1.07937006298e-08
1 9.70266598816e-10 0.999750324126 0.00024967490338
1 0.579323470458 0.420675308607 1.22093453359e-06
1 2.12506490672e-05 0.999978749178 1.73105858683e-10
1 1.58394069077e-05 0.999984159568 1.02557348072e-09
1 2.16924491727e-08 0.999999668187 3.10120294294e-07
1 0.000591682359867 0.999359608197 4.87094434139e-05
1 0.00132912761902 0.998670872381 8.83953573912e-16
1 4.46249746744e-06 0.9999955375 2.49531338863e-12
1 0.0043232932745 0.995675078368 1.62835723132e-06
1 9.57359354401e-07 0.0791757547864 0.920823287854
1 3.28081282107e-07 0.999999671912 6.53399906714e-12
1 1.16044085091e-07 0.973074792927 0.0269250910285
1 8.17756221554e-07 0.99999918221 3.42580301424e-11
1 0.0236515905237 0.971097332931 0.00525107654539
1 0.000409372221154 0.999312098412 0.00027852936676
1 1.9876070122e-05 0.994816391799 0.00516373213066
2 8.65235613803e-13 0.0615025989741 0.938497401025
2 2.23771652841e-13 0.000350220831016 0.999649779169
2 2.21740583387e-18 9.6806590656e-05 0.999903193409
2 1.4002043945e-14 0.00256660667084 0.997433393329
2 1.94081716752e-10 0.00253962007076 0.997460379735
2 1.22059516282e-15 0.570845403806 0.429154596194
2 1.13464840673e-17 0.052590341103 0.947409658897
2 1.2543922434e-13 0.00085419294452 0.999145807055
2 1.15240095051e-10 0.99999930464 6.95244990032e-07
2 1.63956172577e-15 0.996658532208 0.00334146779202
2 8.57146634351e-10 0.999983519978 1.64791650871e-05
2 1.69386371551e-06 0.588313575598 0.411684730538
2 1.16806319427e-21 0.000743277751523 0.999256722248
2 1.09620016168e-07 0.000145570911003 0.999854319469
2 7.21182725021e-17 0.00828901872186 0.991710981278
2 8.07310063385e-10 0.0298607126867 0.970139286506
2 4.93270267614e-18 0.000344731241054 0.999655268759
2 1.20490440154e-10 0.0623214495694 0.93767855031
2 3.44710301996e-18 1.68086590204e-06 0.999998319134
2 7.56268615682e-11 0.245732798597 0.754267201327
2 0.99999591696 4.08286851947e-06 1.71299724835e-10
2 1.82921020771e-09 0.00217641129224 0.997823586879
2 8.28169588757e-14 0.000344008972894 0.999655991027
2 2.48210060005e-18 0.00082409606332 0.999175903937
2 3.66716600949e-14 0.012397321997 0.987602678003
2 7.99758088722e-10 0.139817932462 0.860182066738
2 3.75156611028e-13 0.117709931703 0.882290068297
2 9.75630863497e-14 7.86362074742e-05 0.999921363792
2 0.000807502018854 0.903514197213 0.095678300768
2 3.38327561854e-17 0.00160087897291 0.998399121027
