0 0.999584826935 0.000415173064994 3.62990313439e-19
0 0.999999991373 8.62668819875e-09 1.39964481764e-25
0 0.999999845025 1.54975242258e-07 1.05457121057e-31
0 0.999999345371 6.54628831122e-07 1.67509947389e-22
0 0.999980746521 1.92534790499e-05 1.22971270342e-20
0 0.249458670842 0.750541329158 4.83944879859e-16
0 0.000951610690011 0.999043921713 4.46759742482e-06
0 1.0 2.31774854605e-13 1.64238914866e-43
0 0.999995014638 4.98536160202e-06 1.60032103924e-26
0 1.0 6.85077422209e-16 2.39145131157e-34
0 0.999999213679 7.86320505318e-07 1.31189465625e-22
0 0.999999999683 3.16723022656e-10 5.6688778767e-41
0 1.0 4.79397256257e-16 1.24252238889e-31
0 0.999999999999 1.36850954843e-12 4.19376684556e-34
0 0.999999999996 4.16625993616e-12 4.88961810552e-19
0 0.999999999967 3.27539257419e-11 3.52211148057e-36
0 0.999999999659 3.41387079906e-10 2.31174997206e-53
0 1.0 4.6659506244e-21 2.38715413399e-60
0 0.999999779418 2.20582057112e-07 2.71506651743e-39
0 0.995145647138 0.00485435286227 2.25222643219e-27
0 0.999999731093 2.68907363701e-07 3.39766716691e-41
0 1.0 6.58762821537e-14 7.67052487499e-28
0 0.93373310449 0.0662668955103 3.89065467175e-17
0 0.987733052586 0.0122669474137 1.38852461152e-21
0 0.99904133058 0.000958669419579 1.60292831927e-27
0 0.999985331578 1.4668421712e-05 2.34408699223e-13
0 0.999999945245 5.47549531432e-08 8.92693281e-35
0 0.999999992253 7.74673106371e-09 1.063858995e-34
0 0.999999987346 1.26538699073e-08 6.28123497548e-22
0 0.999999968333 3.16665346566e-08 9.90327956745e-22
1 1.00202775035e-07 0.998235194249 0.00176470554812
1 3.33212627264e-17 0.999163291242 0.000836708757733
1 6.72523046188e-15 0.999993852168 6.14783202178e-06
1 6.08741574092e-13 0.985726870716 0.0142731292832
1 4.23276449011e-16 1.0 4.67441409938e-13
1 3.18073388271e-11 0.964035546016 0.0359644539525
1 2.68241315071e-12 0.999998070985 1.92901200543e-06
1 2.51740107321e-18 0.999999360897 6.39103456676e-07
1 1.29393320155e-13 0.571262152996 0.428737847004
1 5.43305904818e-20 0.999999999985 1.47570447481e-11
1 2.78500246035e-10 0.999999999721 7.19944437342e-13
1 7.19211144012e-14 0.999999972077 2.79232409633e-08
1 3.20600403476e-12 0.999999985335 1.46620688429e-08
1 2.825107002e-10 0.999999998256 1.4619336479e-09
1 3.06464749443e-18 1.0 2.19900908654e-13
1 2.20141575819e-07 0.999999779858 2.06617198249e-20
1 1.90728201348e-08 0.999999980927 1.18732703002e-20
1 7.29727018514e-06 0.999992702727 3.03742326613e-12
1 4.41306454288e-15 0.999999809039 1.90960501903e-07
1 3.94967041992e-11 0.999999581299 4.18661373479e-07
1 7.0200646516e-15 1.0 2.17698662194e-17
1 2.21215562011e-09 0.999999997788 6.85775893004e-15
1 1.05680953662e-10 0.999999881778 1.18115929744e-07
1 8.51893943741e-12 0.115586998942 0.88441300105
1 5.29105228863e-12 0.99999999779 2.20485976012e-09
1 5.38724824839e-18 0.999999999851 1.49011310791e-10
1 6.45548505743e-22 0.999954941141 4.50588592286e-05
1 1.86364399761e-13 0.965543722463 0.0344562775364
1 2.51385911251e-12 0.999999764249 2.35748071127e-07
1 5.59850149462e-18 0.984294301117 0.0157056988832
2 6.47101614079e-15 0.00203808861027 0.99796191139
2 2.51654248295e-19 3.60742003359e-05 0.9999639258
2 2.18148223342e-15 0.00137037304961 0.99862962695
2 4.6122361774e-20 8.56034154799e-05 0.999914396585
2 3.03004526727e-10 0.680268258522 0.319731741175
2 2.08355967966e-12 0.0304720603125 0.969527939685
2 1.35595291766e-16 0.0054433781164 0.994556621884
2 1.15443138863e-20 8.91766272298e-05 0.999910823373
2 6.99322241747e-17 1.0 6.89031307301e-19
2 4.2031686909e-10 0.999999357789 6.41790873998e-07
2 1.00812778891e-07 0.999999895724 3.46344211353e-09
2 1.09552506769e-09 0.999971709847 2.82890573915e-05
2 1.58905438777e-17 0.000212045822653 0.999787954177
2 6.8113895226e-19 1.52548310486e-05 0.999984745169
2 1.0771059598e-19 0.00780852625985 0.99219147374
2 1.08921547092e-08 0.00192346566963 0.998076523438
2 9.61512781289e-15 0.000139640869686 0.99986035913
2 1.91749299322e-15 0.00165946200403 0.998340537996
2 1.12958089347e-20 0.000160044486791 0.999839955513
2 1.40032317434e-14 0.00467519670263 0.995324803297
2 5.32309270875e-10 0.0323612904751 0.967638708993
2 1.27035163021e-19 0.148135750549 0.851864249451
2 7.97215082853e-19 0.00145804232857 0.998541957671
2 1.0242967057e-20 0.000298423277024 0.999701576723
2 2.21636493883e-15 1.09222474511e-05 0.999989077753
2 1.48086345162e-19 0.0157630038827 0.984236996117
2 1.97899870473e-19 0.00092397876323 0.999076021237
2 6.56859134832e-11 0.933205272148 0.0667947277862
2 2.13214732023e-10 0.054387349357 0.94561265043
2 6.0916976971e-22 0.117543641045 0.882456358955
