0 1.0 1.37847284802e-15 2.78622022162e-28
0 1.0 2.94978466975e-18 3.46225270484e-32
0 0.999999999999 1.080492537e-12 1.10032542013e-26
0 1.0 8.19526931562e-16 2.96643196041e-16
0 1.0 6.26148396696e-19 3.72943675491e-23
0 0.999999999994 5.54180324923e-12 1.71975816876e-21
0 0.44031131757 0.559688678727 3.70316984913e-09
0 1.0 1.93427397855e-24 2.44346309721e-32
0 1.0 1.29479107734e-17 1.307262397e-18
0 1.0 3.38350445691e-19 1.35584764141e-25
0 0.999999998962 1.05674300915e-14 1.03848688688e-09
0 1.0 8.39448691613e-22 3.85010834924e-40
0 1.0 2.78515048005e-33 2.55291673842e-38
0 1.0 3.58972795863e-22 7.12257299797e-36
0 1.0 1.61330309238e-21 1.24956451167e-27
0 1.0 4.92334053314e-21 8.76930024392e-30
0 1.0 1.05674784646e-20 1.33028169478e-34
0 1.0 5.61176456858e-22 2.58380204218e-50
0 1.0 8.07108653935e-21 2.66792932194e-33
0 1.0 3.88963876485e-19 3.53633188827e-34
0 1.0 1.27070825939e-15 6.39193748241e-38
0 1.0 8.57307695103e-18 8.90973470212e-24
0 0.999999999997 2.63220194543e-12 1.39884986961e-17
0 1.0 1.04410386625e-16 2.06508293062e-22
0 1.0 2.62049475008e-16 2.73023562198e-28
0 0.999999999997 3.18969428604e-12 1.08413238994e-15
0 1.0 2.82809019235e-20 6.98926464366e-35
0 0.999999999986 1.37813389554e-11 5.03171331104e-23
0 1.0 5.87414611098e-16 1.86428054298e-15
0 1.0 6.22738402792e-23 4.77053539888e-29
1 0.000676888898735 0.999295273094 2.78380074746e-05
1 1.77657697262e-14 0.999999999999 1.35286006012e-12
1 6.97963382096e-07 0.999999222449 7.95880411532e-08
1 3.03076932824e-11 0.99997733112 2.26688499692e-05
1 2.77403181375e-07 0.999999718518 4.07906373014e-09
1 2.81766749739e-06 0.999997092229 9.01037195311e-08
1 8.37797566336e-06 0.999991389649 2.32375566244e-07
1 1.82484288756e-07 0.999999805864 1.16518206954e-08
1 0.004555853032 0.137609167518 0.85783497945
1 0.0219025946334 0.97809686323 5.42136472371e-07
1 1.88873572387e-05 0.999981112643 1.88813732427e-13
1 4.09030931229e-07 0.998430990571 0.00156860039816
1 2.47242327802e-05 0.999573184739 0.00040209102777
1 7.16909653738e-08 0.999999928269 3.96351224131e-11
1 1.07324015939e-08 0.999999989267 8.29378320414e-13
1 3.82098507668e-06 0.999996179015 2.45536203977e-21
1 3.17898523502e-09 0.999999996821 4.88167241215e-14
1 0.00377334690674 0.996218299339 8.35375441608e-06
1 1.14055162706e-05 0.999987625879 9.68604728904e-07
1 0.00188601592706 0.998113583266 4.00806991966e-07
1 0.000141339500572 0.999858660499 5.50946478889e-13
1 5.42390749406e-12 0.999999999995 5.37499889807e-16
1 1.36835972721e-05 0.999986136889 1.79513610164e-07
1 9.48957629952e-06 0.0656500628056 0.934340447618
1 2.32633838315e-07 0.999999767366 3.39907690078e-13
1 0.000168000361186 0.996564209403 0.00326779023559
1 8.97443709709e-08 0.999998755358 1.15489793067e-06
1 0.0062357295284 0.983777150609 0.0099871198624
1 7.7799324999e-05 0.999922096352 1.04322710222e-07
1 2.06105666996e-05 0.998193983051 0.00178540638237
2 6.30786397452e-12 0.550724406883 0.449275593111
2 1.62575270836e-09 0.000295366289385 0.999704632085
2 2.32705961179e-13 5.58210293248e-09 0.999999994418
2 1.45002640561e-13 2.41669403335e-05 0.99997583306
2 2.42468284671e-08 0.00167627504087 0.998323700712
2 6.49080444842e-10 0.216174376311 0.78382562304
2 4.0887418269e-11 0.0142956884558 0.985704311503
2 1.75136405164e-13 0.000210145807407 0.999789854192
2 2.22167783635e-09 0.999999907376 9.04024712352e-08
2 1.82829105493e-05 0.902544801682 0.0974369154075
2 0.000515010971075 0.999478562777 6.42625223128e-06
2 0.388444563634 0.0384037497648 0.573151686601
2 3.42558490054e-14 2.09993915733e-05 0.999979000608
2 7.27668271434e-08 9.45261430462e-07 0.999998981972
2 2.37000352866e-12 2.89329515117e-05 0.999971067046
2 1.07254695907e-06 0.000577227537172 0.999421699916
2 7.86012685838e-13 1.79176043752e-07 0.999999820823
2 4.28354447815e-12 0.0191540781353 0.98084592186
2 8.68077533871e-13 8.97266742876e-08 0.999999910272
2 2.32360426698e-09 0.125362469462 0.874637528214
2 0.995722938873 0.00427706105001 7.7411220098e-11
2 3.01739314158e-15 0.00248002966302 0.997519970337
2 4.22373780224e-12 6.56987939987e-07 0.999999343008
2 1.61241674307e-11 1.50834618719e-06 0.999998491638
2 4.70670039436e-13 0.000917354120145 0.999082645879
2 5.90434509381e-10 0.0453038832242 0.954696116185
2 2.57731632126e-10 6.95176037523e-07 0.999999304566
2 1.2820163977e-11 4.27327638155e-08 0.999999957254
2 0.00526942444491 0.498608489705 0.49612208585
2 3.98910896183e-06 0.0324959360969 0.967500074794
