0 0.00139727034254 0.997766941567 0.000835788090086
0 2.55581711303e-06 0.9999671374 3.0306783177e-05
0 2.55510952646e-07 3.4605854555e-11 0.999999744454
0 6.33363504644e-06 0.602521961433 0.397471704932
0 5.04120746713e-06 0.47866064616 0.521334312632
0 0.000430471719412 0.999569528261 1.95152700959e-11
0 1.39162023432e-06 0.998559801089 0.00143880729029
0 1.40263906203e-16 9.91268096056e-39 1.0
0 2.36696279626e-13 1.19636947154e-21 1.0
0 1.0 4.16181755435e-17 2.42858430258e-33
0 1.3237979436e-06 7.36759546502e-07 0.999997939443
0 1.92161688273e-09 0.999999998078 2.85554434008e-16
0 0.999999956339 4.36531230162e-08 8.35638123535e-12
0 0.01309038335 9.44795970137e-08 0.98690952217
0 0.996823850015 0.00317489950103 1.25048419256e-06
0 2.80043205144e-15 5.56003214425e-13 0.999999999999
0 0.373491191762 0.586102149969 0.0404066582688
0 2.59413964484e-06 0.99984306643 0.000154339430522
0 0.290697622063 0.709302376373 1.56328001842e-09
0 1.02678654879e-11 2.41482945995e-25 0.99999999999
0 1.58756034698e-13 0.00658797389894 0.993412026101
0 0.00502645083146 0.994973545244 3.92446007896e-09
0 0.0258538870027 0.974142836353 3.27664467861e-06
0 6.74358378888e-05 0.997970651247 0.00196191291488
0 1.22510536786e-07 0.999939750659 6.0126830098e-05
0 1.38627049817e-05 0.999986137138 1.56680667274e-10
0 0.465208466284 0.515213911897 0.0195776218187
0 3.39641249558e-07 0.999521650626 0.000478009732503
0 0.91908655222 0.0809134442337 3.54627369036e-09
0 0.000142913831374 0.989189765167 0.0106673210012
1 1.77169334046e-11 0.999999999982 1.2178575283e-54
1 1.0 2.92242093512e-19 1.40756027542e-30
1 1.1997613572e-12 0.999999867514 1.32484556363e-07
1 2.42831441678e-34 1.0 8.10386905948e-24
1 1.38253027218e-19 1.0 6.81238386923e-17
1 4.64502571192e-07 0.999999535497 7.08939779663e-34
1 2.59145340539e-19 0.999999999999 1.14181978098e-12
1 2.68653772473e-10 0.999999999731 3.61868953615e-26
1 1.93872153247e-31 1.0 1.00419808399e-21
1 6.18715693465e-22 0.999999997888 2.11185235645e-09
1 1.60659212166e-19 1.0 4.16837741975e-18
1 2.89390647444e-13 0.999999484277 5.15723029138e-07
1 6.21267771915e-14 1.0 2.11262427062e-18
1 1.13078803674e-05 6.13759152454e-11 0.999988692058
1 1.20773461473e-17 1.0 1.96080498773e-30
1 1.0 2.39256819424e-16 9.90038395319e-42
1 4.64579102761e-29 1.0 2.47497591614e-38
1 0.994199519736 0.00580048026371 9.5859423766e-19
1 2.34758213953e-28 0.999998984373 1.01562734005e-06
1 3.2699613885e-09 0.999911086723 8.89100073409e-05
1 1.16405984739e-05 0.999988359402 7.85002454384e-59
1 4.43344673598e-08 0.999999877724 7.79419075145e-08
1 0.999986524173 2.56610626466e-20 1.34758267958e-05
1 2.92134347646e-24 1.0 4.79443098625e-23
1 8.45793488164e-06 0.999991515758 2.63075953604e-08
1 1.0 3.87144874497e-25 1.99609572064e-14
1 1.0 2.68672014738e-19 1.48952583198e-50
1 9.24324225897e-14 1.0 2.99275448251e-47
1 1.7399403066e-10 0.999999998217 1.6092500718e-09
1 1.45744747697e-14 0.999999999999 4.9288477191e-13
2 1.94591798574e-44 1.35257624856e-12 0.999999999999
2 2.88004270461e-13 4.67415376753e-10 0.999999999532
2 4.42869804352e-07 0.00228613871103 0.997713418419
2 0.000107168733731 2.11072189712e-11 0.999892831245
2 0.0446213087234 0.955378596642 9.4634704316e-08
2 2.41155316732e-09 0.999999860685 1.36902976271e-07
2 0.00017154301472 0.999825216146 3.24083910672e-06
2 0.00694877499994 0.00625489066311 0.986796334337
2 0.116809656946 6.52626161902e-24 0.883190343054
2 4.14757236845e-08 5.72284519704e-05 0.999942730072
2 1.0 7.00318359421e-16 3.48853705442e-35
2 1.54872119233e-11 3.9896463476e-20 0.999999999985
2 1.87998294334e-62 1.06151535279e-20 1.0
2 9.26140080078e-10 1.95051000098e-07 0.999999804023
2 0.99949679107 4.82403338278e-19 0.000503208930358
2 0.703870758306 0.296099819356 2.94223388643e-05
2 2.8094402809e-08 1.28146146405e-07 0.999999843759
2 3.01403624538e-28 1.26355147796e-12 0.999999999999
2 1.43839735365e-06 0.161447009767 0.838551551836
2 0.0184193801025 0.306587388915 0.674993230983
2 0.00014880854584 0.999848370259 2.82119533991e-06
2 0.000159546552623 1.14059698921e-05 0.999829047477
2 6.76665336289e-07 0.17814002259 0.821859300745
2 0.740391457139 6.67832067644e-17 0.259608542861
2 0.999846762804 0.000125556057049 2.76811393381e-05
2 0.998397009041 0.0016016818944 1.30906412016e-06
2 0.291075021375 0.708875286953 4.96916721127e-05
2 0.011943647359 0.000532697757328 0.987523654884
2 5.75918172412e-08 0.999914467225 8.54751830803e-05
2 4.26468071418e-05 0.999941853004 1.55001885684e-05
