0 0.999999999999 1.40821765015e-12 1.78307904473e-24
0 1.0 7.04231962954e-17 2.77641668758e-43
0 1.0 2.12146627666e-19 1.72038676292e-30
0 1.0 4.68278216387e-14 5.80216188832e-18
0 1.0 7.32211631431e-20 3.57926570797e-23
0 0.999999998402 1.59803080115e-09 1.72627661227e-23
0 0.00011187635423 0.99988711723 1.00641624267e-06
0 1.0 2.31934881849e-21 4.79820004994e-38
0 0.999999999998 1.57306719596e-12 5.92865942706e-27
0 1.0 2.03241129033e-26 1.36104869817e-50
0 1.0 1.37642427505e-14 1.06299872249e-27
0 1.0 2.90819865659e-18 2.98264596497e-39
0 1.0 5.23896311842e-31 3.30540219464e-42
0 1.0 3.00942310146e-17 2.58792400377e-36
0 1.0 2.26540164681e-24 4.43387796979e-42
0 1.0 3.49025151287e-29 1.03328002457e-44
0 1.0 1.51266928715e-22 9.5361255042e-48
0 1.0 6.89731879645e-31 1.18360558576e-42
0 1.0 1.03341773297e-22 6.55347514597e-41
0 1.0 5.3608615626e-19 2.32369764909e-43
0 1.0 3.77390969272e-19 1.98112365372e-49
0 1.0 2.84232691336e-25 2.44341586726e-40
0 0.999999993397 6.60329426964e-09 2.37708628518e-22
0 1.0 5.89057175467e-16 1.29312498882e-36
0 1.0 1.53067687356e-20 2.07800791414e-40
0 0.999999999998 2.06911497893e-12 2.95662437711e-17
0 1.0 4.96938023729e-21 9.29508553278e-35
0 1.0 7.76435787855e-18 2.852830356e-33
0 1.0 4.33674215081e-18 7.28132165912e-32
0 1.0 5.12357732791e-17 1.70838007429e-37
1 8.33120060426e-13 0.999999999847 1.52539193172e-10
1 5.08317916648e-18 0.999999999725 2.74905137584e-10
1 7.96585500861e-16 1.0 3.56351393348e-17
1 1.68136132537e-20 0.794457228654 0.205542771346
1 6.55086908144e-13 0.999999999999 6.98745544246e-19
1 3.6215886601e-19 0.999999998554 1.44637953986e-09
1 7.42837536162e-13 0.999999916823 8.31766163016e-08
1 5.18015442717e-18 0.999999971473 2.85274685521e-08
1 2.16848005577e-12 0.999999999983 1.52874069862e-11
1 7.93306990905e-17 0.999999999958 4.1559285306e-11
1 2.57478605745e-15 0.999999999999 1.21047282183e-12
1 7.00413108119e-12 0.999980661646 1.9338347377e-05
1 1.00119140072e-14 1.0 1.35271074885e-19
1 1.18364592616e-20 1.0 1.9279004793e-18
1 2.35429678371e-17 0.999999964106 3.58938368669e-08
1 1.32370135917e-11 0.999999999987 2.93085811933e-21
1 2.53706755684e-12 0.999999999997 8.65565430314e-26
1 0.0442349022998 0.95576509769 1.03374994391e-11
1 1.09317748967e-07 0.999999890682 2.54603731505e-18
1 1.05302826134e-15 0.999999999999 6.81073475411e-13
1 5.36032853107e-12 0.999999999995 1.24104380839e-17
1 8.44276774985e-19 1.0 4.55995553711e-19
1 1.43391690253e-13 0.999999994682 5.31783100422e-09
1 3.73546267867e-14 0.00201965965911 0.997980340341
1 7.54976675367e-19 1.0 2.83753779684e-18
1 1.11992890417e-09 0.999999978281 2.05995198723e-08
1 9.77063594021e-21 0.999999997686 2.31397217184e-09
1 1.14294904714e-11 0.97841626868 0.0215837313086
1 1.30524197478e-14 0.999999999402 5.97956532734e-10
1 4.92860591825e-18 0.999225177718 0.000774822282184
2 8.53049895091e-17 0.9707417737 0.0292582263002
2 5.44088375757e-17 8.12951452467e-06 0.999991870485
2 4.90877213722e-25 1.19328235311e-06 0.999998806718
2 4.94165195271e-27 5.38370071323e-08 0.999999946163
2 1.02132719575e-07 1.02337076985e-07 0.99999979553
2 1.34125520998e-13 9.19898043715e-07 0.999999080102
2 2.30570087486e-21 4.30508433637e-07 0.999999569492
2 1.61451202469e-18 1.35471730209e-07 0.999999864528
2 6.10960518196e-10 0.994035793602 0.00596420578727
2 1.67659684856e-27 0.999968421148 3.15788516703e-05
2 3.93737616261e-06 0.999996060364 2.25979114512e-09
2 2.60368427567e-07 0.0130865377267 0.986913201905
2 2.15459778077e-25 2.61927148554e-05 0.999973807285
2 2.08395451617e-09 1.23379945263e-07 0.999999874536
2 6.04661991199e-17 4.1028445147e-05 0.999958971555
2 1.74870279538e-09 0.775390952834 0.224609045418
2 1.39375184916e-20 6.53195985317e-06 0.99999346804
2 4.70614405334e-19 4.87380950827e-05 0.999951261905
2 1.04869141688e-19 0.000272037874994 0.999727962125
2 1.6497612824e-23 0.00402258897509 0.995977411025
2 1.14863805206e-06 0.0795849800446 0.920413871317
2 9.0322192178e-20 5.01940461801e-06 0.999994980595
2 1.93206438781e-21 1.06193537929e-07 0.999999893806
2 5.04346313971e-23 0.00106970503091 0.998930294969
2 1.7669300697e-24 5.23542298048e-10 0.999999999476
2 4.62906250797e-18 0.00506865501151 0.994931344988
2 1.99710737734e-19 0.000314691681071 0.999685308319
2 5.62996535627e-10 0.924281831122 0.0757181683147
2 1.51182481e-11 1.66131312669e-05 0.999983386854
2 9.71773143916e-20 0.988023925202 0.0119760747978
