0 1.0 9.08471259134e-14 3.97155622627e-30
0 0.999999999993 6.93942720659e-12 2.210581512e-36
0 0.999999999974 2.61545808418e-11 3.67285273962e-29
0 0.999999999992 8.2195503094e-12 1.44426640862e-26
0 0.999999999963 3.67236800947e-11 2.94485268234e-23
0 0.999999992179 7.821440419e-09 1.48396287012e-19
0 0.000240776213496 0.99975922337 4.16871042285e-10
0 1.0 1.77141941688e-15 3.06662150677e-42
0 0.999999999996 3.88845093858e-12 2.74275043989e-29
0 1.0 8.98328289626e-16 8.43715275797e-37
0 0.999999999904 9.57863369097e-11 1.78188412404e-22
0 0.999999997978 2.02235164131e-09 1.74907683135e-48
0 1.0 2.3991357976e-19 2.93995585076e-40
0 1.0 6.56574474772e-16 7.14727927817e-38
0 1.0 1.39079558018e-15 4.0568555013e-33
0 1.0 1.39959393293e-14 7.28499086253e-39
0 1.0 7.08178242817e-18 2.78449821022e-36
0 1.0 8.10955919673e-24 4.26565217591e-54
0 1.0 2.69191390121e-17 1.4944831677e-35
0 0.999999999896 1.04482423128e-10 8.08541599077e-36
0 0.999999998109 1.8913054405e-09 8.08621999075e-43
0 1.0 3.08982535415e-19 7.14070787005e-39
0 0.997456589104 0.00254341089553 1.22393105847e-19
0 0.878617254925 0.121382745075 3.27651415968e-28
0 0.999999999999 5.28360704289e-13 6.44882014047e-34
0 0.999999994645 5.35516582065e-09 4.83483305542e-17
0 1.0 8.21857625662e-20 3.70468705369e-34
0 0.999999999919 8.14529813344e-11 2.20409281681e-33
0 0.999999996242 3.75829806111e-09 2.01954954954e-35
0 0.999999999986 1.44271908971e-11 4.18283851067e-34
1 1.74745672154e-05 0.999833450935 0.000149074498046
1 1.44725156764e-09 0.999999998552 7.08588086317e-13
1 1.67353234861e-11 0.999999999146 8.37336593283e-10
1 4.61929567327e-12 0.970659318468 0.0293406815271
1 1.49091746731e-14 1.0 2.2873305862e-14
1 2.21429782746e-11 0.999999993775 6.20319723348e-09
1 8.96416996684e-11 0.999999994362 5.54872887979e-09
1 8.80596002873e-18 0.999999999609 3.91279801911e-10
1 2.95750641472e-16 0.999988782171 1.12178285215e-05
1 4.38561992704e-18 1.0 3.34731954181e-16
1 1.39901565717e-09 0.999999998601 4.48293725428e-15
1 1.04570720658e-14 0.999999910049 8.99511480537e-08
1 3.00018659597e-08 0.999999967023 2.97505512758e-09
1 6.09410045542e-12 0.999999999987 7.25013137967e-12
1 1.63303976231e-17 1.0 5.36481806727e-16
1 8.99885306006e-07 0.999999100115 4.40485942046e-20
1 2.106992087e-09 0.999999997858 3.46751062136e-11
1 0.00126173776392 0.998731446481 6.81575556328e-06
1 9.61498141198e-12 0.999999999312 6.78121706066e-10
1 4.43598026365e-10 0.999999985328 1.42287565902e-08
1 1.6760367576e-11 0.999999999983 3.27105896878e-19
1 3.94440868332e-07 0.999999605559 8.51272846157e-16
1 1.87532146067e-08 0.999999981232 1.47880384854e-11
1 8.69084272182e-08 0.979503549989 0.0204963631028
1 1.03422067393e-10 0.999999999897 8.22072515738e-16
1 2.47255669902e-10 0.999999625525 3.7422775534e-07
1 1.17758607193e-09 0.999999998809 1.34169789764e-11
1 1.018329567e-09 0.997202713583 0.00279728539852
1 5.71727216574e-07 0.999999418067 1.02059020239e-08
1 2.03534399519e-16 0.992034983852 0.00796501614846
2 1.11532756549e-13 0.00971331882256 0.990286681177
2 3.00190018875e-17 4.73931553515e-07 0.999999526068
2 1.40756909308e-11 0.025635725921 0.974364274065
2 3.09154557463e-16 0.00258871296924 0.997411287031
2 1.1214441098e-12 6.79165575799e-07 0.999999320833
2 1.56173913642e-14 0.00835089644024 0.99164910356
2 2.97922923642e-12 0.01386127541 0.986138724587
2 1.25447034458e-20 9.0642348714e-05 0.999909357651
2 1.29991205777e-09 0.913961322312 0.0860386763885
2 2.94841043744e-11 0.999824201436 0.000175798534703
2 1.25959585412e-05 0.999863143876 0.000124260165517
2 2.0679023646e-07 0.833133592842 0.166866200368
2 1.62929563443e-16 0.104893496575 0.895106503425
2 9.86981249169e-19 0.000231892833955 0.999768107166
2 6.11504058043e-19 0.0169215751082 0.983078424892
2 1.19850919465e-08 1.15004887316e-06 0.999998837966
2 2.07403826097e-16 6.27809238061e-05 0.999937219076
2 1.01789324214e-14 0.000354695101928 0.999645304898
2 5.02494600535e-15 6.05369346653e-05 0.999939463065
2 2.78205855885e-11 0.0565831498299 0.943416850142
2 1.03978365429e-05 2.55895080462e-06 0.999987043213
2 9.91263616109e-13 0.991436063823 0.00856393617619
2 6.35740705643e-22 0.00165087034294 0.998349129657
2 9.53743906044e-17 0.00361371019405 0.996386289806
2 1.3909904725e-17 3.05230054202e-05 0.999969476995
2 1.16670773501e-14 0.00727939533822 0.992720604662
2 1.73499738677e-19 0.00310633019157 0.996893669808
2 6.52601560409e-09 0.0241742019947 0.975825791479
2 8.76728647555e-11 0.00896696859574 0.991033031317
2 4.22633171897e-20 0.0621522441978 0.937847755802
