0 0.980539203511 0.0194607964889 3.62160029289e-29
0 0.999999999977 2.27193332107e-11 2.62392040969e-35
0 0.999999970975 2.90253880863e-08 1.65493421185e-30
0 0.999988036077 1.19639228077e-05 6.61750802369e-18
0 0.999999999819 1.81112990125e-10 4.1720829546e-26
0 0.999999999681 3.18530800337e-10 7.2928745499e-20
0 0.000337165850231 0.999662834036 1.13452502769e-10
0 0.999999999998 2.17215597808e-12 6.96232061614e-39
0 0.999999586661 4.13338936567e-07 3.46098711359e-30
0 0.999999999787 2.13240503224e-10 2.41520348792e-28
0 0.997849716968 0.00215028303234 5.35976233762e-15
0 1.0 7.98679707466e-14 2.3905428616e-46
0 1.0 1.15876364607e-16 2.46023868792e-50
0 0.999999998981 1.01863385237e-09 6.95161312646e-35
0 1.0 2.8530988188e-13 5.8375293477e-40
0 1.0 7.45493923846e-15 9.45631461363e-42
0 1.0 1.17655483052e-14 7.99685551798e-37
0 0.999999999987 1.27091445173e-11 1.70890107768e-30
0 1.0 2.74423795862e-13 8.49271056765e-33
0 0.99999999994 5.96341169262e-11 9.70872283184e-39
0 0.999999977858 2.21417447251e-08 1.05759497615e-27
0 0.999999999951 4.89165289234e-11 4.25486655626e-29
0 0.999994901202 5.09879842911e-06 1.07752208109e-22
0 0.999999999978 2.21474557088e-11 2.89636710827e-23
0 0.99999999999 1.04544166378e-11 5.93072839739e-31
0 0.999998673416 1.32658433209e-06 1.46351601379e-17
0 0.999999999484 5.15801206637e-10 1.0862767642e-30
0 0.999999870437 1.29562755937e-07 1.87423704876e-20
0 0.999999983533 1.64671573275e-08 2.8232496194e-28
0 1.0 1.08892429688e-14 1.23138655196e-31
1 0.000274227450348 0.999546813305 0.000178959245049
1 3.32279627152e-13 1.0 1.45308962419e-14
1 5.12985873995e-08 0.99999994836 3.41557704793e-10
1 2.40970505712e-15 0.957940561211 0.0420594387892
1 1.51527374052e-07 0.999999848143 3.2964647125e-10
1 8.40980043263e-06 0.999991006809 5.83390170677e-07
1 1.14123596421e-05 0.999988543875 4.37658395178e-08
1 1.62712009456e-06 0.99999828564 8.72400572599e-08
1 4.50478201154e-10 0.930797130298 0.0692028692516
1 3.51232671899e-08 0.999999964877 2.13762118861e-14
1 7.72484328761e-05 0.999922751444 1.23315191233e-10
1 3.66234689561e-13 0.999999822873 1.77126414219e-07
1 0.012184989599 0.82973495855 0.158080051851
1 4.91529880663e-10 0.999999999218 2.90330002588e-10
1 1.83627061817e-11 0.999999964224 3.57575827908e-08
1 0.000505227519222 0.999494768527 3.95413119708e-09
1 9.20208241323e-05 0.999907972459 6.71652084822e-09
1 0.00857748540788 0.991422513912 6.80209288465e-10
1 2.31211873393e-09 0.999999786412 2.11275653309e-07
1 1.63363047234e-06 0.999997480332 8.86037215135e-07
1 0.000643916310998 0.999356083689 7.51742310231e-16
1 1.1814736791e-09 0.999999998819 1.19336480227e-15
1 2.69906800068e-06 0.999997288884 1.2047597201e-08
1 6.35538320234e-08 0.33367704087 0.666322895576
1 1.60889938212e-10 0.999999999839 3.35537369224e-16
1 1.40654915332e-09 0.999778085329 0.000221913264373
1 2.49470015697e-09 0.999999997505 1.32444182179e-14
1 0.258555536481 0.683556283317 0.0578881802021
1 3.4205663905e-06 0.999996579431 2.12914427243e-12
1 4.33107435371e-05 0.995601587574 0.00435510168275
2 1.83434037835e-12 0.095194267386 0.904805732612
2 2.77137394336e-12 0.00546176840042 0.994538231597
2 1.98992702721e-18 0.00023207951656 0.999767920483
2 6.2080015772e-14 0.000348542112437 0.999651457888
2 8.86645711294e-10 0.000176572649986 0.999823426463
2 4.30043434043e-16 0.339887527674 0.660112472326
2 6.98314619788e-18 0.0386645635629 0.961335436437
2 1.1779183138e-13 0.000358579842968 0.999641420157
2 9.11210864035e-06 0.000885909904269 0.999104977987
2 9.00448727582e-12 0.0161586556485 0.983841344342
2 9.99759347918e-10 0.999996594809 3.40419084764e-06
2 8.4072801555e-06 0.201007750921 0.798983841799
2 3.13925260346e-22 0.0239930913753 0.976006908625
2 2.25532066066e-08 8.87500780905e-05 0.999911227369
2 4.42497471865e-18 0.00116706196779 0.998832938032
2 7.87784846923e-10 0.0729049142535 0.927095084959
2 1.05320923059e-17 0.00180533740866 0.998194662591
2 6.23904196072e-11 0.0341119242733 0.965888075664
2 5.59133550168e-19 1.71808314417e-06 0.999998281917
2 1.03310300104e-10 0.360636801105 0.639363198791
2 0.99585625171 0.00414374787974 4.10620419651e-10
2 6.12644968818e-11 0.0128383173352 0.987161682604
2 3.98257565128e-14 6.02710430939e-05 0.999939728957
2 1.16368195035e-17 5.937947594e-05 0.999940620524
2 6.6942237524e-14 4.63704526076e-05 0.999953629547
2 2.16323485109e-10 0.135018092221 0.864981907562
2 9.03255672192e-13 0.390169005551 0.609830994448
2 3.17807395865e-13 0.000635415577317 0.999364584422
2 0.00199656251785 0.830997984692 0.16700545279
2 1.55627546443e-17 0.000147372594307 0.999852627406
