0 0.999559693948 0.000440306051759 3.86969688919e-19
0 0.999999990622 9.37805165485e-09 1.30439346547e-25
0 0.999999847789 1.52210988085e-07 1.00716215842e-31
0 0.999999388351 6.11649378403e-07 1.34443056991e-22
0 0.999980477094 1.95229060805e-05 1.31086091293e-20
0 0.244327787648 0.755672212352 4.77843496378e-16
0 0.0010334661856 0.998962011735 4.52207970657e-06
0 1.0 2.79718920891e-13 2.09626098741e-43
0 0.99999339054 6.60946025931e-06 1.92938074611e-26
0 1.0 7.91182806677e-16 2.32772726394e-34
0 0.99999922577 7.74230156102e-07 1.17206950133e-22
0 0.99999999968 3.20221830037e-10 6.30280013436e-41
0 1.0 4.82759270231e-16 1.16547983521e-31
0 0.999999999999 1.4526975959e-12 4.00398018944e-34
0 0.999999999997 3.01716676895e-12 3.18489246243e-19
0 0.999999999964 3.5802844354e-11 3.46967618984e-36
0 0.999999999671 3.28988248449e-10 2.06682356506e-53
0 1.0 5.10024449488e-21 2.27304696015e-60
0 0.999999814646 1.85353757326e-07 2.17672933745e-39
0 0.989553583069 0.0104464169309 5.1309666483e-27
0 0.999999713378 2.86621900343e-07 4.38367730805e-41
0 1.0 7.15768017682e-14 7.80976721621e-28
0 0.983508785686 0.0164912143138 1.16604794983e-17
0 0.996457607662 0.00354239233818 4.79333133687e-22
0 0.998894111568 0.00110588843195 1.53678503918e-27
0 0.999982606628 1.73933712804e-05 2.48629135502e-13
0 0.999999942426 5.75738945972e-08 9.39597455606e-35
0 0.99999999223 7.76993406722e-09 9.47335392614e-35
0 0.999999986378 1.36216854349e-08 6.19825981502e-22
0 0.999999965922 3.40783687862e-08 1.12039208895e-21
1 9.37776162763e-08 0.998264892526 0.00173501369638
1 3.31649521585e-17 0.999160947153 0.000839052846508
1 7.21357794365e-15 0.999993856482 6.14351837264e-06
1 5.10522169257e-13 0.985768994372 0.0142310056273
1 4.32653479983e-16 1.0 4.67865991745e-13
1 3.1833852444e-11 0.964073881563 0.0359261184055
1 2.15376831776e-12 0.999997946779 2.05321868322e-06
1 1.93543744204e-18 0.999999357629 6.42371368644e-07
1 1.23671014104e-13 0.578593283079 0.421406716921
1 4.85888020078e-20 0.999999999984 1.64796378161e-11
1 2.69029123249e-10 0.99999999973 8.02372108689e-13
1 8.33943146022e-14 0.99999996992 3.00802507217e-08
1 3.21239442094e-12 0.999999985276 1.47209145362e-08
1 2.65475246413e-10 0.999999998277 1.45785709948e-09
1 2.78996754991e-18 1.0 2.20805372026e-13
1 2.03215918498e-07 0.999999796784 2.07653888712e-20
1 1.8958643684e-08 0.999999981041 1.18969367673e-20
1 3.82865966849e-06 0.999996171338 2.52443040778e-12
1 4.63753653925e-15 0.999999807583 1.92417114281e-07
1 3.77778378586e-11 0.999999610423 3.89539263894e-07
1 6.59806198757e-15 1.0 2.56241783768e-17
1 1.78938192389e-09 0.999999998211 7.21153119923e-15
1 1.05881099603e-10 0.999999870384 1.29510376795e-07
1 9.8740418004e-12 0.116716419357 0.883283580633
1 4.36633616346e-12 0.999999997783 2.21281393694e-09
1 5.86339410189e-18 0.99999999985 1.49547737948e-10
1 5.63857642491e-22 0.9999560845 4.39154999237e-05
1 5.71699574975e-14 0.965841729428 0.0341582705721
1 2.57183459295e-12 0.999999744896 2.55101907815e-07
1 5.4991612473e-18 0.984484812253 0.0155151877471
2 6.13205734507e-15 0.00204604914252 0.997953950857
2 2.31702204131e-19 3.57902020065e-05 0.999964209798
2 1.85797901936e-15 0.00138980920417 0.998610190796
2 1.89689084022e-20 8.58689632757e-05 0.999914131037
2 3.10476210419e-10 0.679831673572 0.320168326118
2 2.21478100519e-12 0.0294261946239 0.970573805374
2 1.20485816129e-16 0.00538790130966 0.99461209869
2 1.12784863326e-20 8.87852936382e-05 0.999911214706
2 6.88911110453e-17 1.0 6.13566954988e-19
2 3.126295522e-10 0.999999421291 5.78395948667e-07
2 7.66510321807e-08 0.999999919981 3.36778561882e-09
2 1.02351244498e-09 0.999971396985 2.86019912437e-05
2 1.0521499815e-17 0.000215377767764 0.999784622232
2 6.26203322277e-19 1.52808066254e-05 0.999984719193
2 9.89092586823e-20 0.00785203216841 0.992147967832
2 9.3463504416e-09 0.00188132611391 0.99811866454
2 1.05427063912e-14 0.000137451069406 0.999862548931
2 1.97296914199e-15 0.00163430543422 0.998365694566
2 6.00356899449e-22 0.000221936963584 0.999778063036
2 1.19866370982e-14 0.00467239286907 0.995327607131
2 4.68684790498e-10 0.032351735555 0.967648263976
2 1.42610494123e-19 0.147154501692 0.852845498308
2 5.8898849256e-19 0.00148345330424 0.998516546696
2 1.10395670808e-20 0.000301691320699 0.999698308679
2 1.37805306125e-15 1.08449428079e-05 0.999989155057
2 1.34670669221e-19 0.0159283212047 0.984071678795
2 1.89060421819e-19 0.000918452589153 0.999081547411
2 6.23993621392e-11 0.932893102247 0.067106897691
2 2.2564233032e-10 0.0549974564758 0.945002543299
2 5.41140026494e-22 0.117647350833 0.882352649167
