0 0.869891698336 0.130108301664 5.47119274936e-21
0 0.999999879822 1.20177529553e-07 3.96894167305e-27
0 0.999974859452 2.51405479566e-05 7.72025923088e-22
0 0.999964420514 3.55794857338e-05 2.94002247315e-23
0 0.999986755292 1.32447076724e-05 2.10738270605e-16
0 0.142241203277 0.857758796723 2.18244870978e-15
0 0.000346388813136 0.999653159847 4.51339684484e-07
0 1.0 1.12744288534e-17 7.14849357491e-34
0 0.999996611077 3.38890190921e-06 2.09684785886e-11
0 1.0 1.02201697772e-15 1.10807215674e-25
0 0.999999991336 8.66388863134e-09 1.73352189985e-16
0 0.999999675183 3.24817365063e-07 6.34429978095e-30
0 1.0 4.22746200594e-13 1.62558344895e-22
0 0.999999999996 4.27688827135e-12 1.59520232034e-27
0 1.0 4.90671114557e-13 5.83058131198e-19
0 1.0 6.48415407439e-16 3.58664089257e-26
0 1.0 5.95226317092e-15 2.00800004771e-31
0 1.0 4.47475219293e-23 2.99082877575e-30
0 0.999999918119 8.1880835247e-08 1.33537133439e-26
0 0.999998711456 1.28854388493e-06 3.80524252725e-28
0 0.999999999945 5.46870308109e-11 3.00566840219e-34
0 0.999999999814 1.8623732237e-10 1.16033599166e-20
0 0.977938192651 0.022061790966 1.63831897745e-08
0 0.941149115385 0.0588508846146 1.494924112e-25
0 0.999828370043 0.000171629956643 1.35678690756e-21
0 0.999888614466 0.000111385530674 3.52017726503e-12
0 0.999999999829 1.70890542975e-10 1.24873760113e-31
0 0.999999999977 2.27602770626e-11 5.09391747341e-24
0 0.999999998184 1.81641000166e-09 7.19439463473e-20
0 0.999999999961 3.93430377761e-11 2.31596619181e-18
1 1.18956249023e-08 0.999906492626 9.3495478696e-05
1 8.57409509182e-17 0.999999988774 1.12263705093e-08
1 1.86232412789e-11 0.999993219831 6.78015024117e-06
1 9.10655549185e-12 0.999978121909 2.18780821959e-05
1 1.70815995248e-11 0.999979984817 2.00151662452e-05
1 4.84141000634e-13 0.999999329136 6.70863960226e-07
1 9.6717614312e-13 0.999704928679 0.000295071320359
1 1.67027160336e-19 0.999972541299 2.7458701468e-05
1 1.7786085849e-17 0.999877955355 0.000122044644822
1 7.49038389259e-19 0.999999804342 1.9565760674e-07
1 1.62297532421e-09 0.999993660762 6.33761458158e-06
1 1.45464954389e-12 0.984466388975 0.0155336110237
1 8.32302879976e-12 0.999998519295 1.48069645718e-06
1 2.06417298438e-11 0.999999991296 8.68380766133e-09
1 6.66910572786e-15 0.999105900354 0.000894099646389
1 0.00066437828673 0.999335621713 3.12895768335e-16
1 0.000427552914559 0.999571375564 1.07152154642e-06
1 2.24901087783e-06 0.999984834669 1.29163197453e-05
1 1.48563271667e-10 0.999994706227 5.29362459024e-06
1 8.2958918023e-11 0.999925116566 7.48833509701e-05
1 1.65935636827e-11 0.999999999878 1.05111657615e-10
1 6.9439129368e-09 0.999999993055 1.24398090088e-12
1 2.9489702718e-09 0.999990138868 9.85818333089e-06
1 3.15538070583e-10 0.738714726951 0.261285272734
1 1.1194141046e-13 0.999999999864 1.3610452468e-10
1 4.60709597534e-14 0.999704189575 0.000295810425021
1 1.75184169547e-20 0.999966901784 3.3098215939e-05
1 3.30351230208e-10 0.926013106294 0.0739868933752
1 1.6812022421e-12 0.99999164296 8.35703859757e-06
1 1.07401085235e-19 0.993997132621 0.00600286737948
2 8.00945415417e-16 0.00233617819288 0.997663821807
2 2.46477783935e-18 3.45491114129e-05 0.999965450889
2 1.24869953775e-13 0.0112407866554 0.988759213344
2 1.22857666183e-19 0.0026532891598 0.99734671084
2 5.34901371119e-12 0.999992637464 7.36253107095e-06
2 1.01120012354e-14 0.0030486566476 0.996951343352
2 9.76194272881e-18 0.00113895932041 0.99886104068
2 3.99573358509e-20 0.00157551059159 0.998424489408
2 5.07662528887e-16 0.999288910631 0.000711089369226
2 3.20168856361e-11 0.0931301492397 0.906869850728
2 5.14627247607e-09 0.999998279691 1.71516255622e-06
2 1.10326431464e-09 0.999999877718 1.21178323935e-07
2 2.12696294533e-15 0.713348935238 0.286651064762
2 3.66055635847e-18 1.36343613468e-05 0.999986365639
2 1.53702410648e-20 0.0245472816762 0.975452718324
2 9.12069538863e-08 0.0162000657248 0.983799843068
2 4.49369159262e-15 9.87323099539e-05 0.99990126769
2 2.03607291427e-15 0.00304562046309 0.996954379537
2 6.56535013418e-21 0.000381736001441 0.999618263999
2 3.9046786613e-14 0.00639578309627 0.993604216904
2 7.43362570215e-08 0.921578941078 0.0784209845862
2 1.17312914622e-17 0.0215351276959 0.978464872304
2 2.61552198395e-17 0.0121056766443 0.987894323356
2 4.31581611822e-21 0.000505632209557 0.99949436779
2 1.13294791403e-11 0.00490101314447 0.995098986844
2 1.14552765668e-18 0.0797097870784 0.920290212922
2 1.51574816218e-20 0.00179222758528 0.998207772415
2 1.10308139134e-11 0.997671047892 0.00232895209705
2 8.07503430238e-11 0.173833187047 0.826166812873
2 6.39284718241e-20 0.042395155157 0.957604844843
