0 0.999999999731 2.69324849889e-10 5.34473168175e-26
0 0.999999999999 5.01537343016e-13 1.41760020772e-36
0 0.999999999917 8.28986951038e-11 1.2010861384e-25
0 0.999999999976 2.40039056008e-11 5.00985237494e-26
0 0.99999999992 8.01036465734e-11 3.76465653825e-23
0 0.999999918966 8.10337794276e-08 3.2907976478e-18
0 0.00102258400053 0.998977415942 5.74949738455e-11
0 1.0 1.04824075533e-19 1.93786037477e-42
0 1.0 2.07669510381e-15 6.10010580236e-33
0 1.0 2.25602285047e-13 8.21587627682e-36
0 0.999999999978 2.2070117541e-11 2.3580724786e-24
0 0.999728152951 0.000271847049327 2.81313190793e-42
0 1.0 9.37961877794e-18 6.63325701901e-48
0 1.0 7.01858836678e-16 2.03166351443e-37
0 1.0 8.58379083404e-15 4.08911574992e-38
0 1.0 2.56329250811e-21 1.20312308578e-46
0 1.0 1.38926844556e-15 2.0407400759e-33
0 1.0 1.69490172767e-25 2.41875380867e-50
0 1.0 1.10206284095e-14 5.59743009344e-33
0 0.999999995422 4.57803553104e-09 1.21204473453e-33
0 0.999999999977 2.28423862615e-11 2.25864059281e-43
0 1.0 2.79647011281e-16 9.95337889002e-46
0 0.993803158248 0.00619684175224 2.27047154399e-20
0 0.999985401801 1.45981992394e-05 7.08168263036e-32
0 0.999999999999 1.18533161672e-12 2.15880349905e-30
0 0.999999965799 3.42013087423e-08 1.07646318742e-15
0 0.999999999997 3.1022491421e-12 2.30344602726e-33
0 0.999999999924 7.55671269558e-11 2.03664937344e-33
0 0.999999985046 1.49537619631e-08 1.14313593593e-42
0 0.999999982509 1.7490723692e-08 3.33775130781e-34
1 0.00014939979921 0.999518501849 0.000332098351843
1 5.13963446571e-15 1.0 3.38687315e-20
1 5.89811927006e-11 0.999999999607 3.33926944023e-10
1 1.08420904422e-10 0.999999494535 5.05356556619e-07
1 1.00105595474e-10 0.9999999999 7.12346789647e-14
1 2.95367010422e-10 0.99999999948 2.24240973838e-10
1 5.94034979639e-09 0.99999998571 8.34922496276e-09
1 1.57114731663e-13 0.999999997823 2.17660519843e-09
1 2.6768117846e-08 0.999950349687 4.96235452154e-05
1 6.84040354282e-17 1.0 8.94648555631e-16
1 3.90636417711e-13 1.0 6.02171135807e-16
1 8.68756279529e-14 0.999999995825 4.17479366513e-09
1 2.99120442467e-08 0.999999957594 1.24941447963e-08
1 4.51360034819e-07 0.999999548486 1.54426723157e-10
1 2.59384946721e-17 1.0 8.71703699157e-15
1 0.0128942279101 0.98710577209 8.95652055757e-16
1 0.0601435514695 0.939856448374 1.568034401e-10
1 7.52216652934e-05 0.999923853891 9.24444018346e-07
1 2.47301848432e-11 0.999999961026 3.89496111399e-08
1 7.37757653364e-10 0.999999056924 9.42338051583e-07
1 6.59032100683e-13 0.999999999999 9.32897880426e-19
1 2.51146727182e-09 0.999999997489 6.24915359058e-17
1 3.1204249765e-09 0.999999996876 3.50617518159e-12
1 4.43814338589e-08 0.209937501441 0.790062454178
1 4.14822115017e-08 0.999999958518 8.63778290157e-17
1 1.03944023566e-08 0.999997744149 2.2454565776e-06
1 5.12050839972e-10 0.999999999488 2.4894924494e-15
1 4.49259268153e-10 0.998979463248 0.00102053630293
1 1.43756124459e-10 0.999999999805 5.08624254827e-11
1 4.32862847014e-12 0.993749364446 0.00625063554972
2 2.49328343982e-13 0.00440151894748 0.995598481052
2 1.01642459807e-14 0.00050150424769 0.999498495752
2 1.29092940741e-11 0.00725127637399 0.992748723613
2 1.35588922465e-15 1.638057926e-05 0.999983619421
2 8.30190914604e-14 5.95773582741e-07 0.999999404226
2 2.6136903804e-15 1.03036535432e-05 0.999989696346
2 1.33340060142e-16 0.000230806693704 0.999769193306
2 6.54934032972e-16 9.83478021414e-05 0.999901652198
2 2.66379118026e-07 0.00930366610199 0.990696067519
2 6.20184543312e-10 0.999999996644 2.73533888659e-09
2 0.000385636627068 0.993410699006 0.0062036643669
2 2.78001495768e-07 0.00264088085368 0.997358841145
2 1.18330757167e-10 0.0773791956367 0.922620804245
2 3.72060697382e-18 3.83468296822e-05 0.99996165317
2 4.12766135336e-12 0.0811293076446 0.918870692351
2 1.13153820078e-08 0.000204876757455 0.999795111927
2 1.67504028814e-14 5.53156881018e-05 0.999944684312
2 6.78728221924e-16 0.000708678263623 0.999291321736
2 3.20877526373e-14 0.000302234852119 0.999697765148
2 4.38056681409e-13 0.0617397233071 0.938260276692
2 3.70128652511e-08 7.26517766175e-07 0.999999236469
2 6.71977309397e-14 0.972449487547 0.0275505124526
2 5.06185341508e-16 0.00152611694056 0.998473883059
2 4.83127437894e-12 0.991125843655 0.00887415634047
2 6.82170751854e-13 1.90703275097e-10 0.999999999809
2 6.17226409171e-14 0.00659976811946 0.99340023188
2 9.94498533133e-18 0.000762231809263 0.999237768191
2 1.66432209545e-12 5.93522725821e-06 0.999994064771
2 1.7660928671e-05 0.00462649082079 0.995355848251
2 1.79062896614e-15 1.36276536749e-05 0.999986372346
