0 0.99999999973 2.69622958655e-10 5.32925883646e-26
0 0.999999999999 5.22264880686e-13 1.45275743993e-36
0 0.999999999918 8.19266453067e-11 1.18581673868e-25
0 0.999999999977 2.28310612873e-11 4.67026595107e-26
0 0.999999999919 8.08681438431e-11 3.79412521123e-23
0 0.999999919877 8.01233214051e-08 3.26035922134e-18
0 0.00103264414561 0.998967355797 5.75288389817e-11
0 1.0 1.09539168899e-19 2.03922882308e-42
0 1.0 2.1228953998e-15 6.22336270289e-33
0 1.0 2.20694215668e-13 8.23225262045e-36
0 0.999999999978 2.19401742014e-11 2.35453097963e-24
0 0.999721274729 0.000278725271255 2.84139087437e-42
0 1.0 8.81563986513e-18 6.41780345885e-48
0 1.0 7.11395614846e-16 2.02658575158e-37
0 1.0 8.57266489919e-15 4.10430586812e-38
0 1.0 2.59162871518e-21 1.20793334595e-46
0 1.0 1.38926844556e-15 2.0224503864e-33
0 1.0 1.70340577532e-25 2.41635602643e-50
0 1.0 1.15510174761e-14 5.80838471771e-33
0 0.999999995362 4.63794078308e-09 1.2011820469e-33
0 0.999999999977 2.25767811364e-11 2.22123285109e-43
0 1.0 2.79647011281e-16 9.81507796244e-46
0 0.995187920994 0.00481207900585 2.78675770294e-20
0 0.999982135927 1.78640726772e-05 2.03118396883e-31
0 0.999999999999 1.06824666597e-12 1.96315507644e-30
0 0.999999965465 3.45348341504e-08 1.08196331593e-15
0 0.999999999997 3.09664482741e-12 2.28097390344e-33
0 0.999999999925 7.54916390686e-11 2.0123535469e-33
0 0.999999985012 1.49882563074e-08 1.13651815372e-42
0 0.99999998277 1.72301998058e-08 3.30120681476e-34
1 0.000153904031348 0.999520574321 0.000325521648063
1 5.11651216503e-15 1.0 3.42601229722e-20
1 5.79004393692e-11 0.999999999614 3.28396425839e-10
1 1.05849558007e-10 0.999999476012 5.23882450013e-07
1 9.92871696837e-11 0.999999999901 6.95309303867e-14
1 2.88304797962e-10 0.999999999485 2.26313747431e-10
1 5.89066006481e-09 0.999999985884 8.22574202491e-09
1 1.49182848472e-13 0.999999997841 2.15904068911e-09
1 2.6741165817e-08 0.999950052018 4.99212403571e-05
1 6.64488508638e-17 1.0 8.98232342937e-16
1 3.96933380912e-13 1.0 6.19260672512e-16
1 8.37702297575e-14 0.99999999592 4.07945389017e-09
1 2.94372940952e-08 0.999999958131 1.24318641409e-08
1 4.51901004296e-07 0.999999547948 1.51080938206e-10
1 2.55882321717e-17 1.0 8.69525038848e-15
1 0.0130995542388 0.986900445761 8.83913093567e-16
1 0.0605398034303 0.939460196414 1.55800235511e-10
1 7.76661320851e-05 0.999921422285 9.11582860286e-07
1 2.46561461011e-11 0.999999961259 3.8716445397e-08
1 7.44207987885e-10 0.999999079442 9.19813827782e-07
1 8.07370607285e-13 0.999999999999 1.13488574318e-18
1 2.47927417675e-09 0.999999997521 6.33919091167e-17
1 2.90944365471e-09 0.999999997087 3.43293375247e-12
1 4.40468948201e-08 0.21369427953 0.786305676423
1 4.19705502391e-08 0.999999958029 8.73946899407e-17
1 1.03435356096e-08 0.999997764324 2.22533220584e-06
1 5.23071181478e-10 0.999999999477 2.44117367879e-15
1 4.30996197235e-10 0.998974856034 0.0010251435346
1 1.43154163599e-10 0.999999999786 7.12801825879e-11
1 4.36241774001e-12 0.993826513015 0.00617348698061
2 2.49014410626e-13 0.0044557429534 0.995544257046
2 9.67145462184e-15 0.00049354476849 0.999506455232
2 1.249342004e-11 0.00739522548612 0.992604774501
2 1.30234041761e-15 1.62597419718e-05 0.999983740258
2 8.23830871027e-14 6.02787171107e-07 0.999999397213
2 2.57222767946e-15 9.92943904385e-06 0.999990070561
2 1.35666656255e-16 0.000228532825549 0.999771467174
2 6.24177898587e-16 9.79259377152e-05 0.999902074062
2 2.74220031801e-07 0.0092852599994 0.990714465781
2 6.15245563597e-10 0.999999996374 3.01097406503e-09
2 0.000405471313689 0.993561242729 0.00603328595767
2 2.78560684041e-07 0.00263037192256 0.997369349517
2 1.27854669904e-10 0.0785655750762 0.921434424796
2 3.64294616637e-18 3.71503398308e-05 0.99996284966
2 4.06609833282e-12 0.0814281180476 0.918571881948
2 1.085220837e-08 0.000197870015151 0.999802119133
2 1.62520574869e-14 5.33381089884e-05 0.999946661891
2 6.67635894081e-16 0.000687956048608 0.999312043951
2 5.41602057033e-14 0.000427899133706 0.999572100866
2 4.33711733156e-13 0.0611457703346 0.938854229665
2 3.63962457397e-08 7.31769139476e-07 0.999999231835
2 6.64063387803e-14 0.972599326232 0.0274006737681
2 4.96248186807e-16 0.00155069714219 0.998449302858
2 4.66564552561e-12 0.991236810709 0.0087631892862
2 7.02730597005e-13 1.91086311243e-10 0.999999999808
2 6.31587039761e-14 0.00670483163527 0.993295168365
2 9.86781528353e-18 0.000754953691556 0.999245046308
2 1.66481727986e-12 5.9966737451e-06 0.999994003325
2 1.81393587091e-05 0.00469842304388 0.995283437597
2 1.86016313879e-15 1.37522028031e-05 0.999986247797
