0 1.0 9.17323519648e-14 3.91475879689e-30
0 0.999999999993 7.26031632363e-12 2.28064849956e-36
0 0.999999999974 2.59980105366e-11 3.69863868194e-29
0 0.999999999992 7.94638638778e-12 1.39209885586e-26
0 0.999999999963 3.66467115191e-11 2.88393087839e-23
0 0.999999992277 7.72347949845e-09 1.44356099618e-19
0 0.000247142608614 0.999752856971 4.20681593381e-10
0 1.0 2.08499803129e-15 3.30215064493e-42
0 0.999999999996 4.03909438846e-12 2.5217714056e-29
0 1.0 8.77900231501e-16 8.27011370202e-37
0 0.999999999903 9.72042337568e-11 1.72093199786e-22
0 0.999999997893 2.10699208707e-09 1.80594825773e-48
0 1.0 1.64563272512e-19 3.06304705306e-40
0 1.0 6.6171395517e-16 7.30483584477e-38
0 1.0 1.45859805155e-15 3.97095934769e-33
0 1.0 1.68570990775e-14 7.02742746368e-39
0 1.0 7.11736906375e-18 2.75128106131e-36
0 1.0 3.18686532295e-24 5.0662056911e-54
0 1.0 2.73092796717e-17 1.54524415827e-35
0 0.999999999896 1.04482423128e-10 7.88583448984e-36
0 0.999999998116 1.88432005737e-09 8.301696572e-43
0 1.0 1.31404637533e-19 9.26101866041e-39
0 0.99631687453 0.00368312546994 1.75685770351e-19
0 0.886068903391 0.113931096609 3.96824244106e-28
0 1.0 4.87737509843e-13 6.20839746422e-34
0 0.999999994672 5.32847145489e-09 4.74667560493e-17
0 1.0 8.18822161227e-20 3.64694512792e-34
0 0.999999999919 8.12903274773e-11 2.17562398927e-33
0 0.999999996192 3.80785440405e-09 2.00386386646e-35
0 0.999999999986 1.42280294788e-11 4.17072931286e-34
1 1.79240631003e-05 0.999832792118 0.000149283818698
1 1.42328209992e-09 0.999999998576 6.74372411073e-13
1 1.66568568981e-11 0.999999999146 8.37413257247e-10
1 4.65496444645e-12 0.971335012456 0.0286649875389
1 1.47815302552e-14 1.0 2.22507346873e-14
1 2.17980201028e-11 0.999999994101 5.87710320194e-09
1 8.98567054353e-11 0.999999994341 5.56925614193e-09
1 8.55683861027e-18 0.999999999617 3.82689971156e-10
1 2.87008056162e-16 0.999988804658 1.11953424226e-05
1 4.29577698208e-18 1.0 3.56605868175e-16
1 1.42769759992e-09 0.999999998572 4.56567390456e-15
1 1.02499643785e-14 0.999999910596 8.94038019321e-08
1 2.99419550876e-08 0.999999967053 3.00496134807e-09
1 6.14550627732e-12 0.999999999987 7.23714420906e-12
1 1.64138368828e-17 1.0 5.37608571962e-16
1 9.01679006058e-07 0.999999098321 4.44907060207e-20
1 2.13243051667e-09 0.999999997835 3.27539256721e-11
1 0.00130270927552 0.998690024723 7.26600100109e-06
1 9.55552716736e-12 0.999999999314 6.75952247397e-10
1 4.49447242172e-10 0.999999985578 1.3972083368e-08
1 1.86533716309e-11 0.999999999981 3.22880883623e-19
1 3.2342268616e-07 0.999999676577 7.11824287775e-16
1 1.81481098888e-08 0.999999981837 1.51457738193e-11
1 8.62664177655e-08 0.979291724721 0.0207081890121
1 1.01516149396e-10 0.999999999898 7.22653597596e-16
1 2.47378318289e-10 0.999999630618 3.6913491336e-07
1 1.19049029098e-09 0.999999998798 1.19797852782e-11
1 9.70243376695e-10 0.99723157139 0.00276842763982
1 1.17893936399e-06 0.999998797273 2.37876038321e-08
1 2.05088561672e-16 0.992042907316 0.00795709268416
2 1.13080407772e-13 0.00982453863832 0.990175461362
2 2.88793458974e-17 4.68092136371e-07 0.999999531908
2 1.33955878216e-11 0.025663182466 0.974336817521
2 3.04792143021e-16 0.00260166785835 0.997398332142
2 1.15884470454e-12 7.49694311599e-07 0.999999250305
2 1.49490749275e-14 0.00809004444315 0.991909955557
2 3.12585174953e-12 0.0140193706673 0.98598062933
2 1.22129162607e-20 8.9203503247e-05 0.999910796497
2 1.28597655204e-09 0.916903599953 0.0830963987606
2 2.86409501595e-11 0.999817394811 0.000182605160158
2 1.3018556839e-05 0.999865789136 0.000121192306803
2 2.10014685735e-07 0.835208426833 0.164791363152
2 1.74307781055e-16 0.107839061925 0.892160938075
2 9.52188871371e-19 0.000223225576787 0.999776774423
2 6.08633310827e-19 0.0171223769207 0.982877623079
2 1.16204344987e-08 4.99179446599e-07 0.9999994892
2 2.1108659829e-16 6.30699149882e-05 0.999936930085
2 1.05636050559e-14 0.000361965637627 0.999638034362
2 1.20157405629e-14 0.000358509429653 0.99964149057
2 2.72718785984e-11 0.0571622010232 0.94283779895
2 1.07499340558e-05 2.6535478211e-06 0.999986596518
2 9.91976070416e-13 0.991558397229 0.00844160276994
2 6.28085188193e-22 0.00166560356698 0.998334396433
2 9.40120339175e-17 0.00360438214194 0.996395617858
2 1.50533119775e-17 3.22132172768e-05 0.999967786783
2 1.19846210629e-14 0.007421678146 0.992578321854
2 1.7656973808e-19 0.00316352707288 0.996836472927
2 6.6680576398e-09 0.0246264162742 0.975373577058
2 8.73020695652e-11 0.00890851202737 0.991091487885
2 4.15185546074e-20 0.061664412919 0.938335587081
