0 0.999999999999 5.28991943874e-13 4.6168031225e-20
0 0.999999999999 1.37111180334e-12 5.9560971652e-39
0 1.0 5.24983160906e-14 1.77916589777e-31
0 0.99999999999 1.01332319043e-11 7.78746315039e-26
0 0.999999999995 4.59249392608e-12 3.05349852451e-21
0 0.999999993969 6.03072116611e-09 1.48990733809e-19
0 1.56304277397e-11 0.999999999939 4.55915661018e-11
0 1.0 1.36552253793e-18 6.38895040801e-42
0 0.999999999982 1.82108434325e-11 8.58243965407e-32
0 1.0 3.81054554515e-15 2.27144051381e-40
0 0.999999999987 1.271292664e-11 4.90165624259e-22
0 0.999999999999 6.72348304813e-13 3.67845572096e-47
0 1.0 4.72700627754e-21 1.07922761772e-50
0 1.0 2.84178411522e-18 1.27002915939e-31
0 1.0 1.37764751751e-15 1.9466025181e-35
0 1.0 4.33780546926e-16 1.62742290518e-41
0 1.0 5.48327958167e-20 3.86584079505e-55
0 1.0 4.25231580853e-23 1.5966540956e-46
0 1.0 6.73447793782e-18 5.90137807926e-35
0 1.0 5.92263758734e-15 4.39951310812e-47
0 0.99999999999 9.59285326181e-12 7.01573482565e-43
0 1.0 9.27847065332e-20 7.2844443389e-44
0 0.996871287048 0.00312871295159 4.11048878499e-15
0 0.814541971677 0.185458028323 8.50312006625e-29
0 1.0 2.40878302167e-19 3.75838025121e-41
0 0.999999979333 2.06654760806e-08 1.18461738185e-12
0 1.0 7.49321086142e-20 1.09028236259e-31
0 0.999999999995 4.66001304398e-12 1.57982774709e-33
0 0.999999988003 1.19970902399e-08 1.15662968966e-40
0 0.999999740238 2.59762474118e-07 8.15164332763e-32
1 1.51755807775e-05 0.999483580116 0.000501244303548
1 5.18009134679e-12 0.999999999995 2.76824388161e-19
1 3.35622626076e-19 0.999999999765 2.35312904086e-10
1 1.76622250763e-14 0.999651665169 0.000348334831476
1 7.37872619147e-13 0.999999999999 2.06170250691e-18
1 1.43730425572e-09 0.999999998532 3.11347792057e-11
1 3.16266329501e-12 0.999999999995 2.14558876927e-12
1 1.68805780625e-15 0.999999999993 7.06901053698e-12
1 5.37239408044e-09 0.99999998476 9.86778433251e-09
1 6.59466160968e-16 1.0 3.97363236884e-15
1 1.43000392584e-08 0.9999999857 8.69525026414e-15
1 7.0181974637e-13 0.999999997071 2.92841734874e-09
1 5.26510990667e-07 0.999999472399 1.09009437139e-09
1 9.30484871876e-11 0.999999999594 3.13006817967e-10
1 8.71399820534e-18 1.0 1.9197060701e-15
1 0.00244321712359 0.997556782876 7.8853975779e-23
1 0.000100726295919 0.999899273703 1.12515397873e-12
1 0.996614955901 0.00338504409906 1.30632916259e-13
1 3.14824607711e-10 0.999999999038 6.46786919144e-10
1 1.10347489921e-09 0.999999998731 1.65640375768e-10
1 1.05471191886e-09 0.999999998945 4.86001962001e-24
1 1.30173145819e-14 1.0 6.36375258048e-19
1 9.33041816054e-08 0.999999906696 2.30343410503e-13
1 3.04686205296e-08 0.261748659508 0.738251310023
1 1.23228376612e-09 0.999999998768 4.18279916178e-15
1 4.08155644009e-11 0.999642778767 0.000357221192664
1 9.57289869323e-11 0.999999999904 6.95074871337e-17
1 0.0489663988177 0.945903437219 0.0051301639635
1 2.96353713688e-08 0.999999969816 5.48134145553e-10
1 9.61122716707e-17 0.714614040493 0.285385959507
2 8.8490847664e-17 0.00998434316277 0.990015656837
2 5.62852187176e-17 1.69859340235e-07 0.999999830141
2 5.38686476646e-13 0.000146198573361 0.999853801426
2 2.48554972128e-17 0.000153462860221 0.99984653714
2 0.000204923101595 0.00167176263363 0.998123314265
2 5.61292713111e-18 0.000458543631795 0.999541456368
2 2.19986644912e-15 7.83771784803e-05 0.999921622822
2 3.01133451478e-21 7.80433646889e-08 0.999999921957
2 5.15502048425e-06 0.999463728765 0.000531116214371
2 6.26682096375e-16 0.0364037363615 0.963596263639
2 2.98767853069e-06 0.999994417532 2.59478967636e-06
2 0.00127659191414 0.993457855222 0.00526555286367
2 4.18078385997e-19 0.0106688457268 0.989331154273
2 8.93616573881e-17 3.59552291165e-05 0.999964044771
2 1.14886089272e-22 3.83931828722e-07 0.999999616068
2 1.27798806966e-16 0.000371273217558 0.999628726782
2 5.06011103324e-17 0.000554826711592 0.999445173288
2 4.66252733264e-15 1.60193294337e-05 0.999983980671
2 6.44715077397e-13 0.00395816980337 0.996041830196
2 3.49571591785e-15 0.00582241010817 0.994177589892
2 6.67827864573e-05 2.90892606002e-10 0.999933216923
2 1.8418567769e-09 0.0664777510799 0.933522247078
2 3.42927635248e-19 0.000966560425859 0.999033439574
2 4.08354313948e-15 0.000211918083519 0.999788081916
2 2.63183972443e-18 0.000248977918094 0.999751022082
2 1.42658074604e-15 0.00019586304371 0.999804136956
2 3.88200231727e-19 0.0107079728128 0.989292027187
2 1.45022804611e-06 0.449422187829 0.550576361943
2 1.40581068226e-08 0.663671917945 0.336328067997
2 5.24239659418e-19 0.128499077682 0.871500922318
