4.2058 3.5082
4.7451 2.9318
3.9995 1.7441
4.3479 1.3404
3.35 3.2142
1.6946 4.2668
2.5339 1.4423
4.3957 1.4346
4.5061 1.5798
4.2334 1.4641
5.9347 4.2404
2.6916 5.5265
6.4785 3.2309
5.3114 6.0172
4.8546 1.901
3.6197 2.388
4.7127 2.6988
2.9622 2.5327
8.1314 3.7898
0.82115 1.2897
5.6752 3.321
3.7778 3.9342
1.8172 2.2904
5.1487 3.4461
4.6498 4.9733
4.3355 2.2455
2.6464 2.4954
4.795 4.5561
3.7376 4.8415
2.3035 3.9226
4.8206 4.8058
2.0294 0.52949
3.376 1.0056
2.2989 1.1557
6.1505 3.8987
1.5786 0.088533
4.4687 1.9667
5.518 3.1194
6.2361 3.2228
1.2356 2.4959
6.6013 3.3126
4.8752 1.0639
4.0702 1.3946
4.6038 4.0818
0.67148 2.0097
6.2521 2.8135
5.7538 3.0769
3.7566 2.2991
3.1126 3.9583
4.4555 6.2545
5.3404 3.9183
6.3276 3.4242
1.9757 3.5031
1.3868 2.48
5.3848 4.3374
2.89 2.7911
4.0559 3.0514
3.1765 2.539
5.092 4.8601
3.2455 3.0468
5.1128 2.7514
4.1928 4.4723
0.37301 1.2242
1.9557 2.1057
4.5457 5.2847
3.1953 1.8367
1.6985 2.0589
1.8483 0.60467
4.4785 2.6757
4.223 1.8301
2.3774 1.0753
4.6812 6.3132
6.4102 5.0945
4.0854 3.59
3.9012 2.7572
6.0506 3.394
3.0455 2.403
3.1836 5.3231
5.8388 2.7031
6.4402 4.723
2.9735 2.7669
2.7274 4.3237
3.9242 0.85619
7.4364 4.2375
7.3164 3.1921
2.0827 5.888
4.1975 1.3878
2.5842 1.8148
4.8305 0.95201
5.9547 4.845
3.3977 2.2927
0.99415 2.0728
3.8985 5.6654
5.1827 1.9185
3.654 3.7137
4.321 6.7422
4.0448 3.5821
6.3457 4.8273
3.6202 3.3728
3.7445 6.6425
6.1197 5.6498
4.5802 5.7577
2.4908 2.6843
2.4186 5.071
2.9691 3.6774
4.8912 2.2736
5.3705 2.8512
3.3717 1.6538
3.3325 2.9008
4.466 1.5101
5.8908 0.87984
2.4194 3.9541
5.7191 2.5641
4.0889 2.4139
4.9777 2.6959
2.8155 3.312
3.9468 1.8762
2.6458 2.4055
4.6353 4.7503
7.9684 2.6001
6.398 4.2792
6.5369 4.9466
1.5347 2.5095
4.8166 4.38
3.3677 1.656
4.1595 2.9115
2.2477 2.9446
2.7923 4.9549
-1.967 1.1637
2.2268 3.4486
4.0192 2.6243
5.118 3.9582
8.4899 6.0912
4.0192 1.214
4.034 4.7885
3.3769 3.1802
5.4373 4.1492
3.0445 3.2716
3.4985 2.0051
2.3706 1.6276
0.93265 1.1853
4.4273 4.2069
5.7903 0.94263
2.8686 2.4704
5.3497 8.7624
3.545 4.1829
5.8763 5.2708
5.2351 3.0926
5.1678 1.311
7.1438 4.7183
5.0055 2.838
6.4787 4.7084
4.2181 3.4496
1.2003 1.3793
3.4239 1.1166
5.1579 2.0218
4.5686 3.4514
5.6275 3.8439
2.2299 0.29147
3.3669 1.6906
0.95572 1.8609
2.2293 2.6218
6.8758 5.0835
4.7801 2.4089
5.6205 2.7148
2.9776 2.2271
1.6231 2.631
1.404 3.5775
1.6738 1.4557
3.8817 6.4745
3.5494 3.3772
4.6613 3.9516
4.0242 3.3916
2.2051 4.6946
5.4179 3.5773
3.6202 5.8498
7.2484 4.4696
3.4215 3.6796
6.1404 4.6841
4.6841 0.84507
2.1332 4.474
4.159 1.4818
4.5449 2.8903
0.6528 1.1229
1.9312 2.7583
4.9362 4.2178
5.1934 6.0831
4.7162 0.0014585
4.2846 1.5775
0.038687 1.5405
2.6313 2.7124
1.2115 0.59137
2.2509 6.2032
1.1354 1.0055
4.8924 4.278
3.6469 3.7585
2.2549 -1.2483
2.9776 1.7863
5.017 5.2324
1.5142 4.1676
6.0401 1.5008
4.2576 3.571
3.2212 2.7365
2.582 1.9402
5.6654 3.8334
2.7593 0.41136
5.3931 3.2069
8.0136 4.7995
4.4331 2.577
4.4483 5.542
3.9956 2.6383
5.9863 3.1805
6.1349 3.1206
5.6962 3.8598
3.4588 1.8818
4.1127 3.6152
3.7822 2.6898
3.1954 -0.12891
2.5976 3.573
4.1205 4.4916
2.92 1.9353
6.708 2.6175
5.4567 4.7756
3.1944 2.4915
6.2089 2.9136
5.7926 3.1858
1.8277 0.94663
2.9368 1.784
2.5024 1.2676
6.5519 3.1719
3.0271 2.003
4.6636 1.4254
5.4931 4.6765
3.609 2.2564
4.1052 2.5334
5.3866 6.3222
4.7032 2.3261
3.233 3.7249
4.7568 2.9977
3.9515 1.9403
5.6197 3.6278
2.4578 2.9573
4.8647 2.2246
1.8207 3.0814
4.5041 3.2448
3.3521 1.2276
3.2381 2.4068
5.5541 4.508
2.2082 2.5993
1.8976 2.5692
4.7532 3.3807
4.3367 4.1761
3.9343 4.2515
4.0391 4.25
4.7055 3.3942
3.8642 3.3552
3.7772 2.9682
5.0916 3.1035
3.8005 2.7488
4.5881 3.228
3.3259 3.3807
2.3626 3.1396
3.7537 2.7968
2.8995 5.9811
3.1228 3.9742
3.3204 2.3096
4.3384 3.3976
7.8698 6.2982
3.6956 4.2099
5.7073 5.3249
3.4602 2.3652
2.305 3.319
2.6719 2.7112
3.667 2.8845
6.9259 3.6712
4.879 2.933
3.1689 2.4258
1.2406 2.2858
4.2603 4.287
5.1369 0.20613
5.4496 4.8402
4.5402 0.13161
3.4321 2.1757
6.3295 2.4737
3.5826 2.4326
-0.52047 0.62279
4.3365 4.0395
3.2981 5.6269
1.1573 2.6064
4.7793 5.8517
6.9542 4.4682
4.3498 3.9993
1.5543 3.2234
2.7239 2.2726
4.3063 4.2201
-1.0796 4.6151
5.6568 4.4715
3.5134 2.2133
0.70498 2.7376
5.1095 2.6435
3.8191 0.36684
2.9718 3.5938
5.4138 5.5306
3.8707 5.4526
2.4048 3.5832
6.0244 7.6676
4.1717 3.0112
7.072 5.4373
2.7677 1.4288
5.2811 3.8283
3.3538 5.1131
8.4566 6.4852
3.8373 3.4027
3.4893 3.9193
3.8481 3.0927
6.1111 4.8742
2.0051 5.0375
6.8741 4.9626
3.929 4.6749
4.2456 1.2218
4.1481 4.363
8.45 4.5285
5.1594 4.5887
5.3235 3.7564
2.8735 3.1253
4.9176 2.9193
4.1163 2.6343
3.7619 3.8566
2.5767 2.3641
4.2996 2.9472
5.972 3.5073
2.1549 4.0668
4.14 2.5068
3.4694 5.5055
2.4325 4.5033
0.42855 3.7782
4.157 2.8126
2.6032 -0.37484
4.4129 5.0487
4.0811 1.6288
4.4604 4.4087
2.8767 3.293
2.4849 1.8488
5.4671 4.4329
5.3508 2.5176
5.3389 3.7683
3.9528 4.1977
2.037 1.2804
4.0625 3.5533
4.0926 2.1406
3.7502 1.046
6.5632 3.6422
3.8079 4.3664
4.1332 2.3735
6.8135 3.65
5.5718 2.8961
3.445 4.3221
5.2829 4.1683
5.3159 5.0267
5.7163 5.1953
5.1384 2.1198
2.6874 2.103
2.4089 1.8852
2.8043 3.7911
4.2883 2.8828
4.9941 5.9057
5.1562 2.5563
2.1446 5.7905
1.7629 3.0427
4.9349 4.0046
4.2737 0.87617
3.9596 6.6569
5.3104 3.1103
5.135 5.6747
1.7182 2.6748
4.293 4.8632
2.5383 2.8139
4.5226 2.2056
2.4361 2.0922
4.5424 4.9322
0.86061 4.0144
4.3392 4.1525
3.6836 3.9274
4.3051 1.7095
3.2054 5.5398
3.7871 3.4211
3.7839 2.3831
2.6833 4.5679
1.7203 7.017
3.448 2.47
3.2514 2.3447
3.6752 3.8299
3.944 4.4808
2.5207 4.6516
3.5792 0.98029
2.7188 4.4407
1.1559 2.5954
3.2959 2.5091
1.173 2.206
4.9353 4.4387
1.7555 2.7474
4.6632 2.6656
5.6573 -1.7884
5.1283 4.5873
3.3828 4.3438
4.5352 3.8613
3.7867 1.844
3.7669 4.4905
1.6525 2.1758
4.4548 3.6235
3.4476 2.2331
2.7406 3.9295
6.4145 5.9364
6.0943 4.3764
2.2225 1.4341
5.1006 4.2158
4.2631 2.9242
4.977 4.5211
5.9537 4.6372
1.306 2.0485
2.5556 2.1537
3.8876 4.3623
5.5705 4.6693
5.8247 3.5083
-0.58698 2.6074
2.1801 3.0912
6.2842 1.2337
5.8459 4.0415
1.9369 -0.32869
4.2325 4.8571
6.7192 4.0519
4.0217 2.9232
2.6291 4.1189
4.7303 4.7734
4.7907 3.8456
3.4269 2.6057
2.0494 0.08312
3.0344 2.1501
6.4841 5.7057
6.1539 3.4529
6.0782 4.8386
0.64001 2.4049
5.3466 5.0665
4.8879 2.7073
4.2731 4.3593
1.4014 3.0053
4.2018 5.3578
5.5169 5.2269
1.4861 -0.86399
3.6548 1.5584
1.8141 2.9354
4.2381 4.576
3.9223 2.5047
2.7094 0.68657
3.7772 4.5056
4.7913 5.4845
3.4316 3.0778
6.1891 5.307
3.3791 3.0315
0.032941 1.8111
5.2017 5.4439
3.4674 3.7529
7.3519 7.6154
3.635 4.2881
4.382 4.2392
5.3277 4.4149
5.4923 2.7904
2.5034 2.0872
2.6587 3.4164
2.5435 0.89167
5.2636 5.1236
7.8508 3.9752
0.01141 2.3651
4.2464 3.945
4.7838 3.3674
6.1473 5.3651
3.4718 3.567
5.1525 1.555
5.8414 3.4173
6.4181 1.0511
3.4048 2.512
4.1407 3.0741
5.0408 3.7979
2.5466 2.8117
4.2759 1.4737
1.4324 3.7433
0.95571 4.7911
4.3208 1.9378
3.4956 3.6265
4.3981 0.76982
2.5221 4.1564
0.34857 1.3147
5.4533 1.5476
4.4155 5.5882
3.1937 2.6444
0.72573 3.1285
3.109 2.6216
3.9211 2.9378
0.81121 3.8939
3.9488 4.2482
15.416 11.609
13.105 9.8769
12.634 11.85
12.597 9.8445
17.229 14.692
16.079 11.426
12.315 11.038
12.738 11.96
10.301 9.91
13.95 10.602
10.592 8.1402
10.992 9.6307
9.9072 9.7884
15.437 9.9678
13.809 11.718
13.349 11.071
14.641 10.963
10.345 5.7047
10.401 10.302
13.35 10.604
14.823 10.178
9.3041 12.017
13.155 13.446
10.891 12.573
12.7 11.061
15.412 7.5269
15.964 12.578
15.113 10.583
13.208 9.942
12.866 12.602
13.851 8.8568
11.28 13.423
12.29 11.697
12.163 11.779
12.594 12.996
14.626 9.4742
16.876 12.523
13.005 9.9503
11.456 8.2189
13.136 10.306
15.609 10.298
13.208 12.501
11.307 10.039
12.349 11.953
10.426 9.6061
15.437 10.771
14.84 11.912
14.141 10.7
11.009 9.9534
12.754 11.945
13.773 11.72
13.757 11.51
13.242 12.489
14.503 12.897
11.342 9.049
9.0203 7.8308
12.758 14.265
12.603 11.128
14.134 11.861
9.9643 7.5937
13.785 10.121
12.273 11.142
11.927 11.63
12.214 8.2678
11.499 10.497
10.234 8.9068
12.928 9.1378
13.996 9.8765
12.83 14.518
12.57 11.487
13.65 11.58
12.335 10.739
13.99 10.075
10.943 8.4439
9.9893 10.083
12.908 10.983
10.769 11.283
10.875 10.088
12.192 11.7
14.057 11.166
13.815 10.179
13.381 10.315
13.765 10.138
13.973 11.413
11.964 10.664
17.501 11.611
12.708 10.297
14.634 12.043
11.061 11.555
9.7043 7.7852
12.633 10.457
10.217 8.184
14.973 12.1
14.473 12.018
13.826 8.6501
12.093 12.791
16.164 10.551
10.104 10.176
12.601 12.354
16.766 12.317
11.302 12.178
15.241 11.543
10.628 11.621
12.709 11.662
17.563 13.23
12.012 10.092
12.278 11.92
13.08 8.8887
11.109 10.191
11.416 9.4751
13.679 10.91
11.08 9.4635
13.248 12.82
11.637 11.594
14.608 10.576
11.99 11.093
11.948 10.834
13.25 10.464
11.701 10.51
14.39 9.9823
12.248 9.1002
11.843 10.797
12.92 13.424
14.863 9.0095
10.57 5.6549
12.82 10.064
12.364 13.645
10.958 12.583
12.515 11.238
14.211 7.1198
15.515 11.921
12.401 11.702
13.502 12.22
9.7273 10.414
14.974 13.935
11.704 10.214
11.442 9.3973
15.049 12.234
14.133 12.409
11.88 11.036
12.737 10.355
15.425 9.3338
13.1 11.293
14.148 9.2046
12.523 8.5371
9.1085 9.253
9.3919 13.06
12.908 13.451
14.009 11.025
13.527 8.8648
12.921 14.892
12.102 12.867
10.647 11.515
11.521 10.383
12.175 10.833
13.412 11.823
11.633 9.6557
9.9091 9.8149
11.966 9.407
11.951 10.562
11.173 8.4421
14.495 11.728
13.406 10.139
15.274 11.383
11.868 11.788
16.415 12.114
12.093 11.336
13.243 12.348
14.219 13.373
12.718 10.579
11.285 11.257
10.86 8.5205
11.823 11.358
9.5134 11.923
12.092 10.442
12.92 12.279
14.737 11.275
12.481 11.069
11.304 7.7997
16.105 11.857
14.461 8.2236
11.368 11.468
13.952 12.1
12.993 11.128
12.988 11.649
12.976 10.387
15.144 8.9224
9.8061 13.691
13.771 11.173
11.433 10.85
10.589 11.212
10.549 13.278
9.9575 10.288
14.544 11.166
12.698 13.307
13.183 10.574
12.985 10.3
17.299 9.7996
13.335 9.2354
12.809 8.1968
13.284 9.7993
12.19 13.723
14.466 10.084
12.239 12.725
15.469 8.7576
12.916 11.285
14.321 9.9856
13.02 12.83
13.896 9.9602
15.082 11.473
12.459 10.926
10.594 10.631
12.66 13.732
12.312 10.826
10.236 12.82
15.444 13.424
15.715 10.635
10.018 9.2433
11.062 10.432
11.681 12.94
12.286 9.6765
13.3 11.997
12.719 13.195
10.611 11.425
13.624 10.546
13.164 12.466
15.061 11.562
12.804 9.7627
15.326 12.976
10.289 9.1734
13.477 11.648
13.204 10.768
13.086 13.746
12.092 8.7883
14.311 11.623
10.746 9.9864
11.311 9.8711
11.766 10.945
14.924 9.6641
10.069 12.573
12.381 13.036
10.855 10.539
13.549 10.764
9.652 12.137
10.168 9.5661
11.99 11.504
16.977 12.542
13.738 11.784
12.594 10.123
10.716 8.7103
10.506 9.6819
15.375 12.582
16.527 11.143
12.177 12.409
12.826 10.782
14.621 11.338
13.628 10.703
13.105 10.216
13.166 11.411
14.459 11.119
11.61 12.757
14.017 10.241
10.841 13.053
12.985 8.8221
13.101 11.666
11.065 10.39
12.928 11.745
8.7653 10.423
12.209 12.15
14.919 13.754
15.038 9.8085
9.7142 10.295
16.331 11.46
13.175 11.886
14.036 14.9
14.683 10.055
12.613 10.836
8.7334 13.155
9.582 10.856
11.72 11.945
10.54 9.6616
12.5 11.978
12.449 10.292
16.476 10.111
11.119 12.818
12.233 10.282
13.824 12.245
11.633 12.048
14.958 9.9604
16.758 12.057
15.488 9.762
12.946 10.489
13.86 9.8874
10.329 9.3341
13.51 11.509
12.105 11.215
13.55 11.653
15.427 10.93
14.228 12.22
14.04 13.774
11.958 8.9239
13.908 9.7539
10.731 10.545
13.572 10.693
16.404 12.101
9.8183 8.4312
14.345 10.913
13.351 10.959
12.796 10.681
11.069 11.485
12.746 11.169
13.378 10.226
12.766 12.732
13.101 10.06
13.331 11.175
9.2666 11.452
12.376 10.75
10.039 8.9259
13.912 10.423
13.534 14.122
14.694 11.261
11.494 11.697
12.543 9.8567
13.002 13.087
13.639 9.4635
15.233 14.855
14.103 9.4812
11.342 10.87
12.046 12.678
13.624 10.062
11.844 11.719
11.125 12.847
15.691 13.684
11.668 12.262
13.029 11.902
12.101 11.697
11.735 7.0843
14.108 11.203
12.045 9.4693
13.2 10.378
12.425 11.054
13.246 10.192
12.956 12.393
15.65 14.039
13.512 8.6422
11.906 10.522
12.158 10.68
12.982 11.127
12.671 8.9784
13.691 11.735
15.963 10.481
11.255 8.5037
12.272 11.778
12.233 9.1437
13.108 11.835
14.098 9.3597
13.538 12.269
11.576 12.886
13.147 13.057
9.6432 11.594
11.087 13.398
9.6432 8.8348
12.114 9.7967
14.267 9.3423
15.798 10.339
15.987 11.714
11.281 12.316
13.69 11.743
11.677 11.083
15.207 13.134
11.56 14.385
14.8 10.884
12.104 10.174
15.02 10.231
13.419 11.57
12.373 11.847
13.821 9.0198
11.34 12.251
11.262 11.332
10.737 13.475
13.044 10.206
12.551 10.676
11.609 9.3906
13.887 11.394
14.198 9.9152
11.958 9.3826
13.773 10.01
12.541 11.484
13.2 8.0359
13.546 12.507
8.0856 12.086
12.171 10.5
11.066 8.3911
12.686 9.0485
11.981 10.577
11.484 11.544
9.8342 10.03
13.551 12.269
11.614 10.309
14.311 10.05
11.241 9.9026
13.278 11.122
10.435 12.43
14.847 10.463
12.951 8.1176
11.188 13.253
8.1243 12.837
13.008 12.046
12.992 7.1176
12.387 9.0012
13.57 12.861
15.104 12.713
11.617 8.4928
11.628 9.5054
12.517 12.918
11.082 9.0572
10.987 7.3855
12.079 9.3128
13.843 11.548
11.143 9.8998
13.696 10.767
10.788 10.248
8.6064 7.8296
14.056 8.7516
10.893 11.92
14.371 10.276
10.54 10.482
12.968 9.8382
12.099 9.7721
15.779 9.979
12.224 11.556
15.028 10.946
12.92 12.916
12.892 13.665
13.198 8.1726
14.406 10.316
11.755 12.176
13.13 11.734
11.698 13.559
13.806 11.295
11.249 13.359
11.645 11.299
12.804 13.564
13.938 10.075
11.083 10.354
12.038 11.349
12.377 10.477
10.498 10.28
11.749 13.314
12.973 9.4095
10.195 14.028
10.251 11.323
10.648 10.18
15.762 13.242
14.439 12.865
10.778 10.791
14.888 10.338
16.522 12.271
12.669 11.507
15.253 11.299
13.141 9.7625
10.053 6.8293
14.903 12.745
13.284 12.314
11.55 9.9602
11.502 11.823
12.081 10.198
11.009 11.09
16.089 13.877
12.623 12.038
15.18 11.441
14.15 8.8988
10.585 14.511
14.75 15.248
12.307 7.6055
12.695 10.709
12.769 13.202
14.329 11.809
9.58 11.407
13.778 10.607
11.262 10.475
13.374 13.98
12.613 11.8
15.544 10.021
13.369 14.195
12.781 10.903
11.977 10.645
14.513 6.4262
12.128 13.142
11.426 12.309
11.873 10.899
10.614 14.391
15.229 12.519
14.613 12.698
13.163 9.1128
12.719 11.89
10.678 10.202
12.813 12.386
15.543 9.6044
12.007 10.485
-1.0423 13.848
-1.7778 15.941
-1.4588 13.965
-1.0822 12.833
-2.7084 11.749
-2.6481 11.467
-2.6357 10.179
-4.2932 12.313
-2.1418 10.916
-2.2027 15.304
-2.3025 12.879
-1.1691 12.852
-2.7448 10.652
-0.66483 14.517
-0.77478 11.417
-1.8502 11.007
-0.86074 16.706
-4.4153 12.912
-2.0275 13.56
-1.4784 11.638
-3.9587 15.426
-0.59161 14.751
-3.3398 9.7173
-4.1748 13.072
-0.69416 14.388
-1.3414 11.601
-5.5486 14.453
-0.15754 13.595
-0.71554 13.523
-0.42502 13.311
-2.9881 12.267
1.1353 12.129
0.21825 13.17
-1.433 13.401
0.84023 11.032
-4.666 13.997
-1.5519 13.598
-0.59874 11.359
-4.7459 11.709
-5.9841 14.779
-0.93692 14.352
-2.0697 12.003
-1.1827 12.494
-1.5078 12.53
-0.36157 11.472
1.303 14.148
1.4339 12.233
-3.0404 12.815
-2.9706 13.343
-0.60612 13.634
-3.6493 11.91
-0.71428 15.821
-0.69792 15.203
-3.4592 13.487
-2.1671 14.669
-2.5672 14.185
0.077261 11.155
-3.0766 11.288
-4.9601 12.998
-3.8101 11.66
2.8515 12.374
-0.5718 13.576
-5.0252 12.289
-4.9284 13.974
-1.5859 12.667
-2.3858 12.533
-0.90889 12.591
-1.7562 13.721
-2.8087 13.174
-4.2002 14.42
-2.104 13.789
-4.3508 12.687
-0.4475 14.795
-0.77835 13.264
-2.2333 14.572
-1.4677 15.934
2.799 13.131
3.6948 11.48
-0.47454 13.995
-2.3256 13.877
-1.8324 15.931
-2.7269 13.257
-2.5685 14.539
-3.2824 11.7
-4.6106 12.932
-1.4264 12
-2.1329 11.846
-0.44849 13.985
-1.223 11.932
-0.078871 15.169
0.68184 13.169
-1.2787 13.347
-1.0637 12.642
-2.9416 13.901
-3.0709 12.52
-3.7396 12.561
-2.8401 13.428
-2.2527 13.997
-2.6951 14.094
-5.7174 13.736
-1.1424 12.696
-1.0806 12.976
-1.04 11.062
-1.9273 11.869
-2.786 12.109
-0.68876 13.269
-1.5019 12.047
-2.6154 16.819
-1.8552 13.36
-1.8744 13.834
-3.8939 12.422
-3.8178 12.599
-1.5201 11.018
1.3887 13.179
-2.2985 13.182
-1.5128 13.76
-0.31739 13.691
-2.7971 11.867
1.8897 12.847
-4.6734 14.825
0.048809 15.421
-3.4041 14.805
-6.7886 11.225
-3.1862 14.34
-4.0237 13.639
-3.4864 10.961
0.17914 14.254
-1.5033 14.389
-2.74 13.934
-2.0943 13.677
-2.0404 13.513
-1.9911 13.595
-3.5646 10.767
-0.76513 14.597
0.55044 12.186
-2.1615 16.201
-3.8457 15.418
-1.6265 14.395
-2.7216 13.829
-0.94832 13.245
-1.4613 14.541
0.29939 12.943
-1.4987 10.828
-0.6837 11.191
-1.3724 14.32
-3.0936 12.231
-0.2886 12.986
-4.6989 11.597
-1.0764 15.796
-1.3387 11.983
-3.819 10.44
-1.2927 13.175
-3.4174 13.281
-4.8573 12.193
-3.4888 12.337
-2.172 15.347
-3.3167 13.282
-1.5154 13.353
1.2892 13.298
-1.6148 11.96
-3.2769 12.705
0.19018 13.499
-1.7942 11.477
-2.0995 15.306
-1.6043 13.919
-2.6735 11.632
-1.7522 13.689
-0.37465 12.968
-0.76932 13.324
-5.0195 11.6
-2.7664 13.109
-0.012685 13.26
-3.5158 12.435
-1.5653 12.329
-2.6124 11.143
0.94438 12.053
-2.919 11.915
-0.43239 14.653
-2.1289 14.102
1.685 14.036
1.0543 11.68
-0.56328 12.722
1.1542 14.5
-2.9321 12.187
-3.0001 14.698
-3.0691 13.244
-0.69048 11.813
-1.4536 12.639
-0.12437 11.531
0.64206 15.173
-0.71191 15.003
-0.41457 11.884
-1.6496 14.473
-3.1847 11.61
-2.8861 14.47
-2.8448 13.21
0.38434 14.459
1.7683 12.907
-1.4389 10.454
-2.6658 14.032
-1.1705 13.435
-5.3919 13.187
-0.19227 13.977
-1.3391 11.877
-3.2465 13.057
-1.3239 14.187
-1.1673 12.789
-1.5482 9.7026
-0.49253 15.045
-1.528 13.316
0.08996 12.734
-2.9143 12.58
-1.4436 13.841
-2.375 11.829
-1.8905 14.507
-2.8167 15.351
1.5523 14.59
0.93188 16.028
-0.86443 14.575
-2.8073 11.549
-2.0683 11.611
-3.1108 14.532
-0.66297 13.488
-3.1684 15.418
-1.5224 13.325
-4.72 14.765
-2.6017 14.314
1.0138 12.187
-2.4051 10.751
0.53023 13.701
-2.2637 15.094
-3.0517 11.088
0.41795 13.017
-0.66561 12.832
0.34226 15.739
-1.479 14.545
0.97017 15.557
-2.5644 12.727
-0.62613 16.113
-3.2847 12.154
-2.0885 13.553
1.8963 13.447
-2.3367 12.433
-2.3993 15.041
-1.6613 13.364
-2.8982 14.989
-3.9808 14.752
-2.5552 12.149
-2.514 11.225
-2.836 11.967
-1.1831 12.914
-0.15346 13.215
-0.75634 13.354
-2.8341 10.735
-1.5414 13.02
-2.0635 13.58
-1.8596 14.702
-3.3281 14.344
-2.1993 14.471
-2.4619 13.802
-2.5819 12.767
-3.0082 11.875
0.68576 14.034
-2.0967 13.514
-3.4904 14.393
3.5554 12.361
-3.1161 15.084
-2.9333 11.112
-2.0588 10.846
-3.4001 13.893
-0.93801 15.59
-2.7961 12.624
-0.68211 14.158
1.4551 13.459
-4.4194 10.512
0.16725 14.251
-2.7263 14.066
-2.4629 12.175
-1.0829 14.595
0.80537 13.357
-2.5588 15.514
-1.6265 13.689
-1.5229 13.332
-3.4245 13.887
-0.49108 11.679
-4.1519 13.697
-0.84893 15.286
0.13067 14.16
0.12906 15.69
-2.2529 13.178
1.1281 15.097
-3.2522 16.116
-3.6348 12.525
-3.2946 10.66
0.11009 17.306
-1.7916 14.039
-5.8714 13.17
-2.3197 12.667
-0.73842 13.114
-1.0332 12.847
0.93799 15.159
2.437 13.112
-0.27537 16.772
-3.2766 10.891
-1.7544 12.145
-1.1172 13.417
0.89738 16.128
-0.79926 15.664
-2.411 16.216
-1.3373 12.62
-3.7111 13.213
-1.6152 14.897
-3.7336 13.105
-1.5937 13.453
0.77575 11.722
-3.1094 13.444
-2.5143 13.333
-0.3985 14.039
-3.3429 13.152
-0.52325 12.984
-4.5563 13.049
-4.1784 13.93
-1.3437 12.712
-1.0853 11.532
-0.60462 15.454
-0.49327 12.626
1.9242 13.941
0.63052 14.271
-2.1208 14.01
-0.062056 11.747
-5.2399 9.9938
-2.2785 12.454
-0.94414 12.479
0.38799 14.867
-2.5336 13.011
-1.944 14.166
-2.0767 12.306
-2.9446 12.388
-4.1419 12.872
-3.5119 10.705
1.9651 14.53
-1.4453 12.096
-0.8476 12.571
-1.1451 11.793
-1.5544 15.132
-3.4228 13.598
-1.556 12.692
-2.1043 10.455
-0.99313 15.089
-3.6961 13.31
-0.19703 11.328
-1.4138 10.729
-3.5387 12.193
-2.3318 12.641
-3.585 11.258
-3.4453 13.956
-1.4767 13.828
-3.1329 10.849
-1.8082 13.112
-1.1803 13.163
-0.58129 13.636
-1.1499 12.524
-2.4091 13.367
-1.7024 14.624
0.4984 12.09
-1.9133 16.285
-4.2051 12.677
0.86209 12.894
0.70998 15.308
-3.1301 12.299
-0.0019795 14.504
-1.8041 10.937
-0.34974 13.344
-0.41763 13.364
-4.5943 10.581
-1.1053 16.833
-3.4092 14.758
-1.3537 11.322
-2.7764 11.614
-5.5511 12.021
1.4156 14.189
-3.5564 12.618
-0.25258 15.06
0.11507 13.133
-0.45826 13.299
-2.175 14.279
-4.7643 13.291
-1.7998 12.432
-2.4107 12.216
-0.43694 13.797
-3.3883 14.912
-1.3638 12.902
0.13121 13.212
-3.4238 16.345
1.1236 14.181
-2.6602 11.739
1.2229 13.188
0.091298 12.102
-0.14067 12.698
2.6233 12.149
-2.3395 13.14
0.46142 13.759
-5.032 12.897
-5.4241 12.985
-2.2926 10.208
-3.0906 13.995
-3.0349 14.367
-3.2924 14.279
0.14718 14.114
-4.1181 13.55
-4.3825 13.79
-4.9209 12.647
0.83806 12.356
-3.5849 12.077
-1.1829 14.34
-0.13084 13.55
-3.4873 10.753
0.048877 11.006
-2.1579 12.366
-2.7807 12.953
-5.1515 11.835
-0.45387 11.528
-0.13609 12.77
-0.43381 13.041
-1.8798 13.391
-0.6655 13.187
2.9061 11.921
-2.8373 11.951
-1.5707 13.737
-2.8272 12.109
-2.113 14.385
-2.3927 12.46
-1.3888 12.344
-4.6907 10.322
-1.6046 13.913
-4.482 13.887
-0.21278 14.455
-4.0146 15.503
-3.2571 11.678
-0.8682 13.915
-1.1611 11.61
-0.14243 11.395
-2.8969 12.74
-0.32366 12.949
-2.9358 12.436
-3.587 12.897
-2.2012 13.209
-1.9009 14.173
-1.552 12.866
-0.6431 12.585
-2.935 16.492
-1.136 12.974
-0.80901 15.726
-4.0554 14.22
-2.9524 11.692
-2.0242 14.784
-5.4413 11.635
-4.7226 13.506
-3.0857 14.182
-1.373 13.37
-1.5243 13.624
-2.6178 13.957
-1.891 15.629
-3.6945 12.649
-1.3359 14.323
-0.26627 14.103
-0.63138 12.012
0.67377 15.265
0.43291 11.667
-2.9923 11.058
-2.4128 11.633
1.1544 14.592
-1.3236 13.062
-0.45072 14.476
-0.56497 14.294
-1.0762 12.355
-1.9383 14.807
-1.5089 13.842
-1.6098 12.033
-0.82618 14.085
-2.2967 13.182
0.86675 14.898
1.5713 13.634
-2.0288 14.885
-2.608 12.279
0.18736 13.773
-3.2185 13.202
-4.3179 13.533
0.76466 14.92
-0.3267 11.898
-3.7347 11.538
-2.3416 15.122
-0.097539 14.643
-2.966 16.234
0.52107 15.862
-1.3363 13.219
1.7764 13.059
-3.0473 12.279
-1.5613 11.189
-2.0443 13.587
