0 0.473465620991 0.418285958403 0.108248420606
0 0.136810131918 0.301871168785 0.561318699297
0 0.514296242274 0.41524766069 0.0704560970359
0 0.542434784955 0.412453560311 0.0451116547331
0 0.438574291925 0.416951598696 0.14447410938
0 0.541601391681 0.412500505833 0.045898102486
0 0.550927472116 0.411593050345 0.0374794775391
0 0.518756448507 0.414649163798 0.0665943876957
0 0.271847785878 0.380994127679 0.347158086443
0 0.503015000478 0.416478438057 0.0805065614651
0 0.543869084274 0.412357416429 0.0437734992967
0 0.246558738661 0.370828250024 0.382613011315
0 0.34575599057 0.402201862495 0.252042146935
0 0.518054257265 0.41475125686 0.0671944858744
0 0.513735893105 0.415315048589 0.0709490583059
0 0.507025515331 0.416038617851 0.0769358668178
0 0.136810131918 0.301871168785 0.561318699297
1 0.47122085564 0.418318070149 0.11046107421
1 0.185138891312 0.337127023994 0.477734084694
1 0.305883797477 0.391539929825 0.302576272699
1 0.136810131918 0.301871168785 0.561318699297
1 0.136810131918 0.301871168785 0.561318699297
1 0.136810131918 0.301871168785 0.561318699297
1 0.136810131918 0.301871168785 0.561318699297
1 0.136810131918 0.301871168785 0.561318699297
1 0.136810131918 0.301871168785 0.561318699297
1 0.136810131918 0.301871168785 0.561318699297
1 0.494759460759 0.417239929357 0.088000609884
1 0.202766933009 0.348087660986 0.449145406005
1 0.136810131918 0.301871168785 0.561318699297
1 0.552364129432 0.411378134242 0.0362577363258
1 0.136810131918 0.301871168785 0.561318699297
1 0.136810131918 0.301871168785 0.561318699297
1 0.136810131918 0.301871168785 0.561318699297
2 0.136810131918 0.301871168785 0.561318699297
2 0.136810131918 0.301871168785 0.561318699297
2 0.162380002455 0.322120519703 0.515499477842
2 0.136810131918 0.301871168785 0.561318699297
2 0.136810131918 0.301871168785 0.561318699297
2 0.200239649205 0.346584195786 0.453176155008
2 0.136810131918 0.301871168785 0.561318699297
2 0.136810131918 0.301871168785 0.561318699297
2 0.136810131918 0.301871168785 0.561318699297
2 0.136810131918 0.301871168785 0.561318699297
2 0.136810131918 0.301871168785 0.561318699297
2 0.136810131918 0.301871168785 0.561318699297
2 0.136810131918 0.301871168785 0.561318699297
2 0.136810131918 0.301871168785 0.561318699297
2 0.136810131918 0.301871168785 0.561318699297
2 0.249746829065 0.372252155161 0.378001015774
2 0.136810131918 0.301871168785 0.561318699297
